Nuclear Repulsion Energy=190.267
Electron Energy=-728.283
Total Energy=-538.016

Suv_RA
           0            0            0            0            0            0            0            0            0            0    0.0809606   -0.0809606            0            0            0            0            0            0            0            0            0            0            0            0            0   -0.0809606            0            0            0            0            0    0.0809606            0            0            0            0
           0            0            0            0     0.274289    -0.274289            0            0            0            0            0            0            0            0            0            0     0.505432    -0.505432            0            0            0            0     0.505432    -0.505432    -0.274289            0    -0.505432    -0.505432            0    -0.192487     0.274289            0     0.505432     0.505432     0.192487            0
           0            0            0            0    -0.213411    -0.213411            0            0            0            0            0            0            0            0            0            0    -0.393252    -0.393252            0            0            0            0    -0.393252    -0.393252     0.213411            0     0.393252     0.393252            0 -1.05337e-17     0.213411            0     0.393252     0.393252 -1.05337e-17            0

coef Xuv
    -105.176  3.01308e-15 -1.32857e-16     -25.5958     -16.6037     -16.6037
 3.01308e-15         -124  2.09416e-14 -5.86425e-15 -2.52807e-15  6.71092e-15
-1.32857e-16  2.09416e-14     -70.8565  8.56519e-15     -27.9942      27.9942
    -25.5958 -5.86425e-15  8.56519e-15     -89.1955      22.5772      22.5772
    -16.6037 -2.52807e-15     -27.9942      22.5772     -15.4991   -0.0703305
    -16.6037  6.71092e-15      27.9942      22.5772   -0.0703305     -15.4991


gradient (gamma part)
       0        0        0        0        0        0        0        0        0
       0   4.0913  -4.0913  -4.0913        0 -2.95582   4.0913  2.95582        0
       0 -3.18324 -3.18324  3.18324        0        0  3.18324        0        0

Yab
   -41.22  -6.52895  -6.52895
 -6.52895  -1.35141 -0.980704
 -6.52895 -0.980704  -1.35141

e term 1
-7.47994e-16  2.04674e-16   5.4332e-16
    -28.2984      7.30566      20.9927
    -10.6703     -5.67364      16.3439

e term 2
       0        0        0
       0  29.6107 -29.6107
 41.5664 -20.7832 -20.7832

e grad total
-7.47994e-16  2.04674e-16   5.4332e-16
    -28.2984      36.9163     -8.61797
     30.8961     -26.4568     -4.43929


gradient (Nuclear part)
       0        0        0
       0 -83.6345  83.6345
 -265.26   132.63   132.63

TOTAL GRAD
-7.47994e-16  2.04674e-16   5.4332e-16
    -28.2984     -46.7182      75.0165
    -234.363      106.173      128.191

