Read in the following:
Simulation: 
    n_atoms=6, charge=0, n_AOs= 12, n_e-=16, n_valence_e=12
    6       1.26600   0.00000   0.00000
    6      -1.26600  -0.00000   0.00000
    1       2.30500   1.80000   0.00000
    1       2.30500  -1.80000   0.00000
    1      -2.30500   1.80000   0.00000
    1      -2.30500  -1.80000   0.00000

Overlap Matrix S:
 1.00000  0.00000  0.00000  0.00000  0.39543  0.40936  0.00000  0.00000  0.48512  0.48512  0.10453  0.10453
 0.00000  1.00000  0.00000  0.00000 -0.40936 -0.32815  0.00000  0.00000  0.23190  0.23190 -0.11930 -0.11930
 0.00000  0.00000  1.00000  0.00000  0.00000  0.00000  0.23732  0.00000  0.40176 -0.40176  0.06013 -0.06013
 0.00000  0.00000  0.00000  1.00000  0.00000  0.00000  0.00000  0.23732  0.00000  0.00000  0.00000  0.00000
 0.39543 -0.40936  0.00000  0.00000  1.00000  0.00000  0.00000  0.00000  0.10453  0.10453  0.48512  0.48512
 0.40936 -0.32815  0.00000  0.00000  0.00000  1.00000  0.00000  0.00000  0.11930  0.11930 -0.23190 -0.23190
 0.00000  0.00000  0.23732  0.00000  0.00000  0.00000  1.00000  0.00000  0.06013 -0.06013  0.40176 -0.40176
 0.00000  0.00000  0.00000  0.23732  0.00000  0.00000  0.00000  1.00000  0.00000  0.00000  0.00000  0.00000
 0.48512  0.23190  0.40176  0.00000  0.10453  0.11930  0.06013  0.00000  1.00000  0.13905  0.05542  0.01491
 0.48512  0.23190 -0.40176  0.00000  0.10453  0.11930 -0.06013  0.00000  0.13905  1.00000  0.01491  0.05542
 0.10453 -0.11930  0.06013  0.00000  0.48512 -0.23190  0.40176  0.00000  0.05542  0.01491  1.00000  0.13905
 0.10453 -0.11930 -0.06013  0.00000  0.48512 -0.23190 -0.40176  0.00000  0.01491  0.05542  0.13905  1.00000

Huckel Hamiltonian Matrix H:
-21.40000   0.00000   0.00000   0.00000 -14.80889 -11.74852   0.00000   0.00000 -14.85687 -14.85687  -3.20136  -3.20136
  0.00000 -11.40000   0.00000   0.00000  11.74852   6.54649   0.00000   0.00000  -5.07290  -5.07290   2.60969   2.60969
  0.00000   0.00000 -11.40000   0.00000   0.00000   0.00000  -4.73454   0.00000  -8.78846   8.78846  -1.31544   1.31544
  0.00000   0.00000   0.00000 -11.40000   0.00000   0.00000   0.00000  -4.73454   0.00000   0.00000   0.00000   0.00000
-14.80889  11.74852   0.00000   0.00000 -21.40000   0.00000   0.00000   0.00000  -3.20136  -3.20136 -14.85687 -14.85687
-11.74852   6.54649   0.00000   0.00000   0.00000 -11.40000   0.00000   0.00000  -2.60969  -2.60969   5.07290   5.07290
  0.00000   0.00000  -4.73454   0.00000   0.00000   0.00000 -11.40000   0.00000  -1.31544   1.31544  -8.78846   8.78846
  0.00000   0.00000   0.00000  -4.73454   0.00000   0.00000   0.00000 -11.40000   0.00000   0.00000   0.00000   0.00000
-14.85687  -5.07290  -8.78846   0.00000  -3.20136  -2.60969  -1.31544   0.00000 -13.60000  -3.30927  -1.31902  -0.35475
-14.85687  -5.07290   8.78846   0.00000  -3.20136  -2.60969   1.31544   0.00000  -3.30927 -13.60000  -0.35475  -1.31902
 -3.20136   2.60969  -1.31544   0.00000 -14.85687   5.07290  -8.78846   0.00000  -1.31902  -0.35475 -13.60000  -3.30927
 -3.20136   2.60969   1.31544   0.00000 -14.85687   5.07290   8.78846   0.00000  -0.35475  -1.31902  -3.30927 -13.60000

Matrix X:
 1.47632 -0.08276  0.00000  0.00000 -0.32686 -0.34116  0.00000  0.00000 -0.32802 -0.32802 -0.01839 -0.01839
-0.08276  1.26454  0.00000  0.00000  0.34116  0.31015  0.00000  0.00000 -0.17446 -0.17446  0.02585  0.02585
 0.00000  0.00000  1.22104  0.00000  0.00000  0.00000 -0.15062  0.00000 -0.30473  0.30473  0.01916 -0.01916
 0.00000  0.00000  0.00000  1.02203  0.00000  0.00000  0.00000 -0.12303  0.00000  0.00000  0.00000  0.00000
-0.32686  0.34116  0.00000  0.00000  1.47632  0.08276  0.00000  0.00000 -0.01839 -0.01839 -0.32802 -0.32802
-0.34116  0.31015  0.00000  0.00000  0.08276  1.26454  0.00000  0.00000 -0.02585 -0.02585  0.17446  0.17446
 0.00000  0.00000 -0.15062  0.00000  0.00000  0.00000  1.22104  0.00000  0.01916 -0.01916 -0.30473  0.30473
 0.00000  0.00000  0.00000 -0.12303  0.00000  0.00000  0.00000  1.02203  0.00000  0.00000  0.00000  0.00000
-0.32802 -0.17446 -0.30473  0.00000 -0.01839 -0.02585  0.01916  0.00000  1.26244 -0.03505 -0.02093 -0.00151
-0.32802 -0.17446  0.30473  0.00000 -0.01839 -0.02585 -0.01916  0.00000 -0.03505  1.26244 -0.00151 -0.02093
-0.01839  0.02585  0.01916  0.00000 -0.32802  0.17446 -0.30473  0.00000 -0.02093 -0.00151  1.26244 -0.03505
-0.01839  0.02585 -0.01916  0.00000 -0.32802  0.17446  0.30473  0.00000 -0.00151 -0.02093 -0.03505  1.26244

Check orthogonalizatoin X^t * S * X:
1.00000 0.00000 0.00000 0.00000 0.00000 0.00000 0.00000 0.00000 0.00000 0.00000 0.00000 0.00000
0.00000 1.00000 0.00000 0.00000 0.00000 0.00000 0.00000 0.00000 0.00000 0.00000 0.00000 0.00000
0.00000 0.00000 1.00000 0.00000 0.00000 0.00000 0.00000 0.00000 0.00000 0.00000 0.00000 0.00000
0.00000 0.00000 0.00000 1.00000 0.00000 0.00000 0.00000 0.00000 0.00000 0.00000 0.00000 0.00000
0.00000 0.00000 0.00000 0.00000 1.00000 0.00000 0.00000 0.00000 0.00000 0.00000 0.00000 0.00000
0.00000 0.00000 0.00000 0.00000 0.00000 1.00000 0.00000 0.00000 0.00000 0.00000 0.00000 0.00000
0.00000 0.00000 0.00000 0.00000 0.00000 0.00000 1.00000 0.00000 0.00000 0.00000 0.00000 0.00000
0.00000 0.00000 0.00000 0.00000 0.00000 0.00000 0.00000 1.00000 0.00000 0.00000 0.00000 0.00000
0.00000 0.00000 0.00000 0.00000 0.00000 0.00000 0.00000 0.00000 1.00000 0.00000 0.00000 0.00000
0.00000 0.00000 0.00000 0.00000 0.00000 0.00000 0.00000 0.00000 0.00000 1.00000 0.00000 0.00000
0.00000 0.00000 0.00000 0.00000 0.00000 0.00000 0.00000 0.00000 0.00000 0.00000 1.00000 0.00000
0.00000 0.00000 0.00000 0.00000 0.00000 0.00000 0.00000 0.00000 0.00000 0.00000 0.00000 1.00000
    is identity check: 1

Matrix V: 
-0.61141  0.41412  0.00000  0.00000  0.05460  0.00000  0.00000  0.00000 -0.11301  0.00000 -0.35099  0.56190
 0.12449  0.30763  0.00000  0.00000 -0.62144  0.00000  0.00000  0.00000 -0.54108  0.00000 -0.31355 -0.33555
 0.00000  0.00000 -0.52279  0.45964  0.00000  0.00000  0.00000 -0.47612  0.00000 -0.53734  0.00000  0.00000
 0.00000  0.00000  0.00000  0.00000  0.00000  0.70711  0.70711  0.00000  0.00000  0.00000  0.00000  0.00000
-0.61141 -0.41412  0.00000  0.00000  0.05460  0.00000  0.00000  0.00000  0.11301  0.00000 -0.35099 -0.56190
-0.12449  0.30763  0.00000  0.00000  0.62144  0.00000  0.00000  0.00000 -0.54108  0.00000  0.31355 -0.33555
 0.00000  0.00000 -0.52279 -0.45964  0.00000  0.00000  0.00000 -0.47612  0.00000  0.53734  0.00000  0.00000
 0.00000  0.00000  0.00000  0.00000  0.00000  0.70711 -0.70711  0.00000  0.00000  0.00000  0.00000  0.00000
-0.23524  0.34195 -0.33667  0.37996 -0.23540  0.00000  0.00000  0.36967  0.31182  0.32501  0.37316 -0.18930
-0.23524  0.34195  0.33667 -0.37996 -0.23540  0.00000  0.00000 -0.36967  0.31182 -0.32501  0.37316 -0.18930
-0.23524 -0.34195 -0.33667 -0.37996 -0.23540  0.00000  0.00000  0.36967 -0.31182 -0.32501  0.37316  0.18930
-0.23524 -0.34195  0.33667  0.37996 -0.23540  0.00000  0.00000 -0.36967 -0.31182  0.32501  0.37316  0.18930

Matrix C: 
-0.50765  0.40457  0.00000  0.00000  0.06528  0.00000  0.00000  0.00000 -0.16750  0.00000 -0.74300  1.27268
 0.03074  0.17188  0.00000  0.00000 -0.50903  0.00000  0.00000  0.00000 -0.92904  0.00000 -0.50085 -0.69075
 0.00000  0.00000 -0.36732  0.38434  0.00000  0.00000  0.00000 -0.72078  0.00000 -0.94758  0.00000  0.00000
 0.00000  0.00000  0.00000  0.00000  0.00000  0.63569  0.80968  0.00000  0.00000  0.00000  0.00000  0.00000
-0.50765 -0.40457  0.00000  0.00000  0.06528  0.00000  0.00000  0.00000  0.16750  0.00000 -0.74300 -1.27268
-0.03074  0.17188  0.00000  0.00000  0.50903  0.00000  0.00000  0.00000 -0.92904  0.00000  0.50085 -0.69075
 0.00000  0.00000 -0.36732 -0.38434  0.00000  0.00000  0.00000 -0.72078  0.00000  0.94758  0.00000  0.00000
 0.00000  0.00000  0.00000  0.00000  0.00000  0.63569 -0.80968  0.00000  0.00000  0.00000  0.00000  0.00000
-0.09015  0.23754 -0.28099  0.35150 -0.21021  0.00000  0.00000  0.60842  0.53310  0.60204  0.61782 -0.34336
-0.09015  0.23754  0.28099 -0.35150 -0.21021  0.00000  0.00000 -0.60842  0.53310 -0.60204  0.61782 -0.34336
-0.09015 -0.23754 -0.28099 -0.35150 -0.21021  0.00000  0.00000  0.60842 -0.53310 -0.60204  0.61782  0.34336
-0.09015 -0.23754  0.28099  0.35150 -0.21021  0.00000  0.00000 -0.60842 -0.53310  0.60204  0.61782  0.34336

Orbital energies Vector E:
-26.59106
-20.62133
-16.25163
-14.65492
-14.58125
-13.03991
 -8.73953
  2.01768
  5.38531
  8.61427
 12.54651
 34.31454

TOTAL ENERGY: 
-211.48019
