Read in the following:
Simulation: 
    n_atoms=4, charge=0, n_AOs= 10, n_e-=14, n_valence_e=10
    1       0.02501   0.00000   0.00000
    6       1.10501   0.00000   0.00000
    6       2.30501   0.00000   0.00000
    1       3.38501   0.00000   0.00000

Overlap Matrix S:
 1.00000  0.79928 -0.51422  0.00000  0.00000  0.42589 -0.42488  0.00000  0.00000  0.16977
 0.79928  1.00000  0.00000  0.00000  0.00000  0.80440 -0.47143  0.00000  0.00000  0.42589
-0.51422  0.00000  1.00000  0.00000  0.00000  0.47143  0.19531  0.00000  0.00000  0.42488
 0.00000  0.00000  0.00000  1.00000  0.00000  0.00000  0.00000  0.67982  0.00000  0.00000
 0.00000  0.00000  0.00000  0.00000  1.00000  0.00000  0.00000  0.00000  0.67982  0.00000
 0.42589  0.80440  0.47143  0.00000  0.00000  1.00000  0.00000  0.00000  0.00000  0.79928
-0.42488 -0.47143  0.19531  0.00000  0.00000  0.00000  1.00000  0.00000  0.00000  0.51422
 0.00000  0.00000  0.00000  0.67982  0.00000  0.00000  0.00000  1.00000  0.00000  0.00000
 0.00000  0.00000  0.00000  0.00000  0.67982  0.00000  0.00000  0.00000  1.00000  0.00000
 0.16977  0.42589  0.42488  0.00000  0.00000  0.79928  0.51422  0.00000  0.00000  1.00000

Huckel Hamiltonian Matrix H:
-13.60000 -24.47793  11.24849   0.00000   0.00000 -13.04290   9.29415   0.00000   0.00000  -4.04062
-24.47793 -21.40000   0.00000   0.00000   0.00000 -30.12494  13.53000   0.00000   0.00000 -13.04290
 11.24849   0.00000 -11.40000   0.00000   0.00000 -13.53000  -3.89649   0.00000   0.00000  -9.29415
  0.00000   0.00000   0.00000 -11.40000   0.00000   0.00000   0.00000 -13.56238   0.00000   0.00000
  0.00000   0.00000   0.00000   0.00000 -11.40000   0.00000   0.00000   0.00000 -13.56238   0.00000
-13.04290 -30.12494 -13.53000   0.00000   0.00000 -21.40000   0.00000   0.00000   0.00000 -24.47793
  9.29415  13.53000  -3.89649   0.00000   0.00000   0.00000 -11.40000   0.00000   0.00000 -11.24849
  0.00000   0.00000   0.00000 -13.56238   0.00000   0.00000   0.00000 -11.40000   0.00000   0.00000
  0.00000   0.00000   0.00000   0.00000 -13.56238   0.00000   0.00000   0.00000 -11.40000   0.00000
 -4.04062 -13.04290  -9.29415   0.00000   0.00000 -24.47793 -11.24849   0.00000   0.00000 -13.60000

Matrix X:
 2.73188 -1.17387  1.31045  0.00000  0.00000 -0.52998  0.22166  0.00000  0.00000 -0.12605
-1.17387  5.89884  1.01287  0.00000  0.00000 -3.83258  2.05407  0.00000  0.00000 -0.52998
 1.31045  1.01287  2.46302  0.00000  0.00000 -2.05407  0.69547  0.00000  0.00000 -0.22166
 0.00000  0.00000  0.00000  1.26941  0.00000  0.00000  0.00000 -0.49785  0.00000  0.00000
 0.00000  0.00000  0.00000  0.00000  1.26941  0.00000  0.00000  0.00000 -0.49785  0.00000
-0.52998 -3.83258 -2.05407  0.00000  0.00000  5.89884 -1.01287  0.00000  0.00000 -1.17387
 0.22166  2.05407  0.69547  0.00000  0.00000 -1.01287  2.46302  0.00000  0.00000 -1.31045
 0.00000  0.00000  0.00000 -0.49785  0.00000  0.00000  0.00000  1.26941  0.00000  0.00000
 0.00000  0.00000  0.00000  0.00000 -0.49785  0.00000  0.00000  0.00000  1.26941  0.00000
-0.12605 -0.52998 -0.22166  0.00000  0.00000 -1.17387 -1.31045  0.00000  0.00000  2.73188

Check orthogonalizatoin X^t * S * X:
1.00000 0.00000 0.00000 0.00000 0.00000 0.00000 0.00000 0.00000 0.00000 0.00000
0.00000 1.00000 0.00000 0.00000 0.00000 0.00000 0.00000 0.00000 0.00000 0.00000
0.00000 0.00000 1.00000 0.00000 0.00000 0.00000 0.00000 0.00000 0.00000 0.00000
0.00000 0.00000 0.00000 1.00000 0.00000 0.00000 0.00000 0.00000 0.00000 0.00000
0.00000 0.00000 0.00000 0.00000 1.00000 0.00000 0.00000 0.00000 0.00000 0.00000
0.00000 0.00000 0.00000 0.00000 0.00000 1.00000 0.00000 0.00000 0.00000 0.00000
0.00000 0.00000 0.00000 0.00000 0.00000 0.00000 1.00000 0.00000 0.00000 0.00000
0.00000 0.00000 0.00000 0.00000 0.00000 0.00000 0.00000 1.00000 0.00000 0.00000
0.00000 0.00000 0.00000 0.00000 0.00000 0.00000 0.00000 0.00000 1.00000 0.00000
0.00000 0.00000 0.00000 0.00000 0.00000 0.00000 0.00000 0.00000 0.00000 1.00000
    is identity check: 1

Matrix V: 
 0.36125  0.43665  0.00000  0.00000  0.33956  0.00000  0.00000  0.55532 -0.50417  0.03098
 0.59409  0.21426  0.00000  0.00000 -0.07312  0.00000  0.00000 -0.13160  0.37644 -0.66089
 0.12864 -0.51326  0.00000  0.00000 -0.61591  0.00000  0.00000  0.41750 -0.32265 -0.24953
 0.00000  0.00000 -0.68516 -0.17481  0.00000  0.70681  0.02048  0.00000  0.00000  0.00000
 0.00000  0.00000  0.17481 -0.68516  0.00000 -0.02048  0.70681  0.00000  0.00000  0.00000
 0.59409 -0.21426  0.00000  0.00000 -0.07312  0.00000  0.00000  0.13160  0.37644  0.66089
-0.12864 -0.51326  0.00000  0.00000  0.61591  0.00000  0.00000  0.41750  0.32265 -0.24953
 0.00000  0.00000 -0.68516 -0.17481  0.00000 -0.70681 -0.02048  0.00000  0.00000  0.00000
 0.00000  0.00000  0.17481 -0.68516  0.00000  0.02048 -0.70681  0.00000  0.00000  0.00000
 0.36125 -0.43665  0.00000  0.00000  0.33956  0.00000  0.00000 -0.55532 -0.50417 -0.03098

Matrix C: 
 0.06917  0.32358  0.00000  0.00000  0.33883  0.00000  0.00000  2.31145 -2.30648  0.13178
 0.47809  0.22976  0.00000  0.00000 -0.08836  0.00000  0.00000 -0.35777  1.97280 -7.21664
 0.00214 -0.29501  0.00000  0.00000 -0.64282  0.00000  0.00000  1.76587 -1.51118 -2.76757
 0.00000  0.00000 -0.52864 -0.13487  0.00000  1.24912  0.03619  0.00000  0.00000  0.00000
 0.00000  0.00000  0.13487 -0.52864  0.00000 -0.03619  1.24912  0.00000  0.00000  0.00000
 0.47809 -0.22976  0.00000  0.00000 -0.08836  0.00000  0.00000  0.35777  1.97280  7.21664
-0.00214 -0.29501  0.00000  0.00000  0.64282  0.00000  0.00000  1.76587  1.51118 -2.76757
 0.00000  0.00000 -0.52864 -0.13487  0.00000 -1.24912 -0.03619  0.00000  0.00000  0.00000
 0.00000  0.00000  0.13487 -0.52864  0.00000  0.03619 -1.24912  0.00000  0.00000  0.00000
 0.06917 -0.32358  0.00000  0.00000  0.33883  0.00000  0.00000 -2.31145 -2.30648 -0.13178

Orbital energies Vector E:
 -28.74021
 -18.65601
 -14.86016
 -14.86016
 -11.33937
   6.75359
   6.75359
 143.71855
 248.48038
1768.57626

TOTAL ENERGY: 
-176.91184
