Read in the following:
Simulation: 
    n_atoms=6, charge=0, n_AOs= 12, n_e-=16, n_valence_e=12
    6       0.65000   0.00000   0.00000
    6      -0.65000  -0.00006   0.00000
    1       1.18996   0.93533   0.00000
    1       1.18991  -0.93536   0.00000
    1      -1.18996   0.93527   0.00000
    1      -1.18987  -0.93545   0.00000

Overlap Matrix S:
 1.00000  0.00000  0.00000  0.00000  0.77532  0.48780  0.00002  0.00000  0.79928  0.79928  0.48947  0.48947
 0.00000  1.00000  0.00000  0.00000 -0.48780  0.11579 -0.00003  0.00000  0.25709  0.25707 -0.41587 -0.41585
 0.00000  0.00000  1.00000  0.00000 -0.00002 -0.00003  0.63946  0.00000  0.44534 -0.44535  0.21139 -0.21143
 0.00000  0.00000  0.00000  1.00000  0.00000  0.00000  0.00000  0.63946  0.00000  0.00000  0.00000  0.00000
 0.77532 -0.48780 -0.00002  0.00000  1.00000  0.00000  0.00000  0.00000  0.48945  0.48948  0.79928  0.79928
 0.48780  0.11579 -0.00003  0.00000  0.00000  1.00000  0.00000  0.00000  0.41584  0.41587 -0.25709 -0.25704
 0.00002 -0.00003  0.63946  0.00000  0.00000  0.00000  1.00000  0.00000  0.21141 -0.21140  0.44534 -0.44536
 0.00000  0.00000  0.00000  0.63946  0.00000  0.00000  0.00000  1.00000  0.00000  0.00000  0.00000  0.00000
 0.79928  0.25709  0.44534  0.00000  0.48945  0.41584  0.21141  0.00000  1.00000  0.50244  0.35798  0.22147
 0.79928  0.25707 -0.44535  0.00000  0.48948  0.41587 -0.21140  0.00000  0.50244  1.00000  0.22148  0.35802
 0.48947 -0.41587  0.21139  0.00000  0.79928 -0.25709  0.44534  0.00000  0.35798  0.22148  1.00000  0.50243
 0.48947 -0.41585 -0.21143  0.00000  0.79928 -0.25704 -0.44536  0.00000  0.22147  0.35802  0.50243  1.00000

Huckel Hamiltonian Matrix H:
-21.40000   0.00000   0.00000   0.00000 -29.03589 -13.99995  -0.00067   0.00000 -24.47793 -24.47793 -14.99006 -14.99006
  0.00000 -11.40000   0.00000   0.00000  13.99995  -2.31008   0.00050   0.00000  -5.62378  -5.62331   9.09706   9.09661
  0.00000   0.00000 -11.40000   0.00000   0.00067   0.00050 -12.75715   0.00000  -9.74175   9.74202  -4.62414   4.62502
  0.00000   0.00000   0.00000 -11.40000   0.00000   0.00000   0.00000 -12.75715   0.00000   0.00000   0.00000   0.00000
-29.03589  13.99995   0.00067   0.00000 -21.40000   0.00000   0.00000   0.00000 -14.98954 -14.99033 -24.47793 -24.47793
-13.99995  -2.31008   0.00050   0.00000   0.00000 -11.40000   0.00000   0.00000  -9.09661  -9.09706   5.62378   5.62284
 -0.00067   0.00050 -12.75715   0.00000   0.00000   0.00000 -11.40000   0.00000  -4.62453   4.62439  -9.74175   9.74229
  0.00000   0.00000   0.00000 -12.75715   0.00000   0.00000   0.00000 -11.40000   0.00000   0.00000   0.00000   0.00000
-24.47793  -5.62378  -9.74175   0.00000 -14.98954  -9.09661  -4.62453   0.00000 -13.60000 -11.95803  -8.52004  -5.27099
-24.47793  -5.62331   9.74202   0.00000 -14.99033  -9.09706   4.62439   0.00000 -11.95803 -13.60000  -5.27123  -8.52084
-14.99006   9.09706  -4.62414   0.00000 -24.47793   5.62378  -9.74175   0.00000  -8.52004  -5.27123 -13.60000 -11.95784
-14.99006   9.09661   4.62502   0.00000 -24.47793   5.62284   9.74229   0.00000  -5.27099  -8.52084 -11.95784 -13.60000

Matrix X:
 7.08914 -1.03416 -0.00011  0.00000 -4.28695 -1.79517 -0.00011  0.00000 -1.46864 -1.46868  0.07454  0.07454
-1.03416  2.11140  0.00007  0.00000  1.79517  0.80102  0.00004  0.00000 -0.56581 -0.56574  0.19210  0.19210
-0.00011  0.00007  2.45640  0.00000  0.00015  0.00008 -1.03563  0.00000 -1.25124  1.25123  0.36653 -0.36654
 0.00000  0.00000  0.00000  1.22320  0.00000  0.00000  0.00000 -0.44221  0.00000  0.00000  0.00000  0.00000
-4.28695  1.79517  0.00015  0.00000  7.08911  1.03420  0.00003  0.00000  0.07448  0.07459 -1.46863 -1.46865
-1.79517  0.80102  0.00008  0.00000  1.03420  2.11137 -0.00002  0.00000 -0.19211 -0.19208  0.56580  0.56568
-0.00011  0.00004 -1.03563  0.00000  0.00003 -0.00002  2.45645  0.00000  0.36656 -0.36653 -1.25124  1.25129
 0.00000  0.00000  0.00000 -0.44221  0.00000  0.00000  0.00000  1.22320  0.00000  0.00000  0.00000  0.00000
-1.46864 -0.56581 -1.25124  0.00000  0.07448 -0.19211  0.36656  0.00000  2.86119 -0.27068 -0.35594  0.00082
-1.46868 -0.56574  1.25123  0.00000  0.07459 -0.19208 -0.36653  0.00000 -0.27068  2.86117  0.00078 -0.35596
 0.07454  0.19210  0.36653  0.00000 -1.46863  0.56580 -1.25124  0.00000 -0.35594  0.00078  2.86117 -0.27071
 0.07454  0.19210 -0.36654  0.00000 -1.46865  0.56568  1.25129  0.00000  0.00082 -0.35596 -0.27071  2.86118

Check orthogonalizatoin X^t * S * X:
1.00000 0.00000 0.00000 0.00000 0.00000 0.00000 0.00000 0.00000 0.00000 0.00000 0.00000 0.00000
0.00000 1.00000 0.00000 0.00000 0.00000 0.00000 0.00000 0.00000 0.00000 0.00000 0.00000 0.00000
0.00000 0.00000 1.00000 0.00000 0.00000 0.00000 0.00000 0.00000 0.00000 0.00000 0.00000 0.00000
0.00000 0.00000 0.00000 1.00000 0.00000 0.00000 0.00000 0.00000 0.00000 0.00000 0.00000 0.00000
0.00000 0.00000 0.00000 0.00000 1.00000 0.00000 0.00000 0.00000 0.00000 0.00000 0.00000 0.00000
0.00000 0.00000 0.00000 0.00000 0.00000 1.00000 0.00000 0.00000 0.00000 0.00000 0.00000 0.00000
0.00000 0.00000 0.00000 0.00000 0.00000 0.00000 1.00000 0.00000 0.00000 0.00000 0.00000 0.00000
0.00000 0.00000 0.00000 0.00000 0.00000 0.00000 0.00000 1.00000 0.00000 0.00000 0.00000 0.00000
0.00000 0.00000 0.00000 0.00000 0.00000 0.00000 0.00000 0.00000 1.00000 0.00000 0.00000 0.00000
0.00000 0.00000 0.00000 0.00000 0.00000 0.00000 0.00000 0.00000 0.00000 1.00000 0.00000 0.00000
0.00000 0.00000 0.00000 0.00000 0.00000 0.00000 0.00000 0.00000 0.00000 0.00000 1.00000 0.00000
0.00000 0.00000 0.00000 0.00000 0.00000 0.00000 0.00000 0.00000 0.00000 0.00000 0.00000 1.00000
    is identity check: 1

Matrix V: 
-0.51970 -0.23048 -0.00000  0.00000  0.05338  0.00001  0.00000  0.00000 -0.02181  0.47651  0.00021  0.66813
 0.10745 -0.48498  0.00002  0.00000 -0.67187 -0.00011  0.00000 -0.00001 -0.48094  0.19247  0.00009 -0.18301
 0.00000 -0.00002 -0.59831  0.00000 -0.00007  0.50133  0.00000  0.37687 -0.00001 -0.00020  0.49866 -0.00002
 0.00000  0.00000  0.00000  0.70711  0.00000  0.00000 -0.70711  0.00000  0.00000  0.00000  0.00000  0.00000
-0.51970  0.23048 -0.00000  0.00000  0.05338  0.00001  0.00000 -0.00001  0.02184  0.47651  0.00019 -0.66813
-0.10745 -0.48497  0.00003  0.00000  0.67188  0.00010  0.00000 -0.00004 -0.48095 -0.19244 -0.00005 -0.18301
-0.00001 -0.00002 -0.59831  0.00000  0.00010 -0.50132  0.00000  0.37685 -0.00004  0.00020 -0.49868 -0.00001
 0.00000  0.00000  0.00000  0.70711  0.00000  0.00000  0.70711  0.00000  0.00000  0.00000  0.00000  0.00000
-0.33043 -0.32535 -0.26647  0.00000 -0.15128  0.35259  0.00000 -0.42306  0.36620 -0.34331 -0.35464 -0.10026
-0.33043 -0.32532  0.26649  0.00000 -0.15116 -0.35264  0.00000  0.42309  0.36620 -0.34359  0.35433 -0.10027
-0.33043  0.32533 -0.26649  0.00000 -0.15118 -0.35263  0.00000 -0.42307 -0.36620 -0.34358  0.35436  0.10026
-0.33043  0.32533  0.26648  0.00000 -0.15126  0.35260  0.00000  0.42306 -0.36624 -0.34328 -0.35463  0.10027

Matrix C: 
-0.45322 -0.24576 -0.00000  0.00000  0.05993  0.00001  0.00000  0.00000 -0.01775  2.43930  0.00109  8.42799
-0.00775 -0.26722  0.00001  0.00000 -0.72677 -0.00013  0.00000 -0.00002 -1.89401  0.87155  0.00042 -2.27139
-0.00000 -0.00001 -0.37856  0.00000 -0.00008  0.60974  0.00000  1.28406 -0.00002 -0.00115  2.88832 -0.00026
 0.00000  0.00000  0.00000  0.55225  0.00000  0.00000 -1.17762  0.00000  0.00000  0.00000  0.00000  0.00000
-0.45322  0.24576 -0.00000  0.00000  0.05993  0.00001  0.00000 -0.00004  0.01786  2.43931  0.00101 -8.42797
 0.00775 -0.26722  0.00002  0.00000  0.72678  0.00012  0.00000 -0.00013 -1.89401 -0.87138 -0.00020 -2.27143
-0.00000 -0.00001 -0.37857  0.00000  0.00011 -0.60974  0.00000  1.28400 -0.00017  0.00113 -2.88841 -0.00008
 0.00000  0.00000  0.00000  0.55225  0.00000  0.00000  1.17762  0.00000  0.00000  0.00000  0.00000  0.00000
-0.05424 -0.23509 -0.21017  0.00000 -0.16146  0.41907  0.00000 -1.50745  1.47685 -1.50318 -2.04409 -1.18760
-0.05424 -0.23507  0.21018  0.00000 -0.16132 -0.41913  0.00000  1.50756  1.47684 -1.50477  2.04269 -1.18781
-0.05424  0.23508 -0.21019  0.00000 -0.16134 -0.41911  0.00000 -1.50749 -1.47683 -1.50472  2.04288  1.18767
-0.05424  0.23508  0.21018  0.00000 -0.16144  0.41908  0.00000  1.50744 -1.47700 -1.50301 -2.04405  1.18771

Orbital energies Vector E:
 -28.73755
 -19.09666
 -16.93311
 -14.73486
 -10.19043
  -8.32340
   3.76417
  98.34796
 128.49786
 270.92189
 291.12171
2391.02465

TOTAL ENERGY: 
-196.03201
