p=4, q=3

gamma:
 16.999 14.7083  16.398  16.398
14.7083 21.0778  17.692   13.77
 16.398  17.692 21.0778 15.4246
 16.398   13.77 15.4246 21.0778

overlap:
       1        0        0        0 0.697044 0.821611 0.821611
       0        1        0        0 0.380906 0.499443        0
       0        0        1        0        0        0 0.499443
       0        0        0        1 0.380906        0        0
0.697044 0.380906        0 0.380906        1 0.796588 0.546904
0.821611 0.499443        0        0 0.796588        1 0.654399
0.821611        0 0.499443        0 0.546904 0.654399        1

Hcore:
-121.052       -0       -0       -0 -10.4557 -12.3242 -12.3242
      -0 -112.573       -0       -0 -5.71359 -7.49164       -0
      -0       -0 -112.573       -0       -0       -0 -7.49164
      -0       -0       -0 -112.573 -5.71359       -0       -0
-10.4557 -5.71359       -0 -5.71359  -108.01 -7.16929 -4.92214
-12.3242 -7.49164       -0       -0 -7.16929 -116.424 -5.88959
-12.3242       -0 -7.49164       -0 -4.92214 -5.88959 -112.502

----------------
SCF Cycle: 1
Starting Densities: 
0 0 0 0 0 0 0
0 0 0 0 0 0 0
0 0 0 0 0 0 0
0 0 0 0 0 0 0
0 0 0 0 0 0 0
0 0 0 0 0 0 0
0 0 0 0 0 0 0

0 0 0 0 0 0 0
0 0 0 0 0 0 0
0 0 0 0 0 0 0
0 0 0 0 0 0 0
0 0 0 0 0 0 0
0 0 0 0 0 0 0
0 0 0 0 0 0 0


Fock Matrices: 
-121.052       -0       -0       -0 -10.4557 -12.3242 -12.3242
      -0 -112.573       -0       -0 -5.71359 -7.49164       -0
      -0       -0 -112.573       -0       -0       -0 -7.49164
      -0       -0       -0 -112.573 -5.71359       -0       -0
-10.4557 -5.71359       -0 -5.71359  -108.01 -7.16929 -4.92214
-12.3242 -7.49164       -0       -0 -7.16929 -116.424 -5.88959
-12.3242       -0 -7.49164       -0 -4.92214 -5.88959 -112.502

-121.052       -0       -0       -0 -10.4557 -12.3242 -12.3242
      -0 -112.573       -0       -0 -5.71359 -7.49164       -0
      -0       -0 -112.573       -0       -0       -0 -7.49164
      -0       -0       -0 -112.573 -5.71359       -0       -0
-10.4557 -5.71359       -0 -5.71359  -108.01 -7.16929 -4.92214
-12.3242 -7.49164       -0       -0 -7.16929 -116.424 -5.88959
-12.3242       -0 -7.49164       -0 -4.92214 -5.88959 -112.502


End of SCF Cycle: 1
Change in density: 3.73205

Ca:
  0.632445   0.161904   0.131121  -0.426681   0.189573  -0.311212  -0.491692
  0.181176  -0.541136  0.0527944   0.592127   0.422706   0.119693  -0.357685
 0.0950256   0.533509  -0.224675    0.63787  -0.165017  -0.462957 -0.0861435
 0.0653355  -0.186875  -0.882995  -0.145676  -0.235457   0.161849  -0.279774
   0.36941  -0.214826  -0.297701 -0.0380665   0.347167  -0.334369   0.703551
  0.499521  -0.310593   0.240621   0.147038  -0.740103  0.0664217   0.149424
  0.409763   0.467746  -0.057771   0.127122   0.185561    0.72944   0.165213

Cb:
  0.632445   0.161904   0.131121  -0.426681   0.189573  -0.311212  -0.491692
  0.181176  -0.541136  0.0527944   0.592127   0.422706   0.119693  -0.357685
 0.0950256   0.533509  -0.224675    0.63787  -0.165017  -0.462957 -0.0861435
 0.0653355  -0.186875  -0.882995  -0.145676  -0.235457   0.161849  -0.279774
   0.36941  -0.214826  -0.297701 -0.0380665   0.347167  -0.334369   0.703551
  0.499521  -0.310593   0.240621   0.147038  -0.740103  0.0664217   0.149424
  0.409763   0.467746  -0.057771   0.127122   0.185561    0.72944   0.165213


Ea:
-144.878
-119.141
-114.499
-114.066
-104.148
-100.769
-98.2046

Eb:
-144.878
-119.141
-114.499
-114.066
-104.148
-100.769
-98.2046


Ending Densities:
  0.625448  -0.218755  -0.155151  -0.042557   0.176057   0.234445   0.273067
 -0.218755   0.679055  0.0943541 -0.0199137   0.144921   0.358343  -0.106652
 -0.155151  0.0943541    0.75102  0.0119739 -0.0369037 -0.0785074   0.382552
 -0.042557 -0.0199137  0.0119739   0.840092   0.332695  -0.143208 -0.0281451
  0.176057   0.144921 -0.0369037   0.332695   0.272689   0.174021  0.0632458
  0.234445   0.358343 -0.0785074  -0.143208   0.174021   0.425507  0.0641972
  0.273067  -0.106652   0.382552 -0.0281451  0.0632458  0.0641972    0.40619

   0.443392   0.0338945    0.117016   -0.104714    0.159815    0.297183    0.327307
  0.0338945     0.32844   -0.283346   0.0663448    0.167462    0.271278   -0.181925
   0.117016   -0.283346    0.344141    0.104896  -0.0126222   -0.172298    0.301465
  -0.104714   0.0663448    0.104896     0.81887     0.32715   -0.121788 -0.00962647
   0.159815    0.167462  -0.0126222     0.32715     0.27124    0.179618   0.0680849
   0.297183    0.271278   -0.172298   -0.121788    0.179618    0.403887   0.0455054
   0.327307   -0.181925    0.301465 -0.00962647   0.0680849   0.0455054    0.390029

----------------
Nuclear Repulsion Energy is 356.815
Electron Energy is -524.069
Total Energy=-167.254
----------------
SCF Cycle: 2
Starting Densities: 
  0.625448  -0.218755  -0.155151  -0.042557   0.176057   0.234445   0.273067
 -0.218755   0.679055  0.0943541 -0.0199137   0.144921   0.358343  -0.106652
 -0.155151  0.0943541    0.75102  0.0119739 -0.0369037 -0.0785074   0.382552
 -0.042557 -0.0199137  0.0119739   0.840092   0.332695  -0.143208 -0.0281451
  0.176057   0.144921 -0.0369037   0.332695   0.272689   0.174021  0.0632458
  0.234445   0.358343 -0.0785074  -0.143208   0.174021   0.425507  0.0641972
  0.273067  -0.106652   0.382552 -0.0281451  0.0632458  0.0641972    0.40619

   0.443392   0.0338945    0.117016   -0.104714    0.159815    0.297183    0.327307
  0.0338945     0.32844   -0.283346   0.0663448    0.167462    0.271278   -0.181925
   0.117016   -0.283346    0.344141    0.104896  -0.0126222   -0.172298    0.301465
  -0.104714   0.0663448    0.104896     0.81887     0.32715   -0.121788 -0.00962647
   0.159815    0.167462  -0.0126222     0.32715     0.27124    0.179618   0.0680849
   0.297183    0.271278   -0.172298   -0.121788    0.179618    0.403887   0.0455054
   0.327307   -0.181925    0.301465 -0.00962647   0.0680849   0.0455054    0.390029


Fock Matrices: 
 -14.9138    3.7186    2.6374  0.723425  -13.0452  -16.1686  -16.8019
   3.7186  -7.34607  -1.60392  0.338512  -7.84514  -13.3678   1.74889
   2.6374  -1.60392   -8.5694 -0.203544  0.542792   1.28737  -13.7647
 0.723425  0.338512 -0.203544  -10.0835   -10.607   2.34833  0.461524
 -13.0452  -7.84514  0.542792   -10.607  -5.60753  -10.2481  -5.79303
 -16.1686  -13.3678   1.28737   2.34833  -10.2481  -6.79602  -6.87981
 -16.8019   1.74889  -13.7647  0.461524  -5.79303  -6.87981  -4.78769

 -11.8191 -0.576171  -1.98915   1.78003  -12.8063  -17.1974  -17.6914
-0.576171    -1.386   4.81659  -1.12779  -8.17667  -11.9401   2.98321
 -1.98915   4.81659  -1.65289  -1.78312  0.185651   2.82535  -12.4351
  1.78003  -1.12779  -1.78312  -9.72279  -10.5254   1.99708  0.157855
 -12.8063  -8.17667  0.185651  -10.5254  -5.57699  -10.3471  -5.85966
 -17.1974  -11.9401   2.82535   1.99708  -10.3471  -6.34032   -6.5915
 -17.6914   2.98321  -12.4351  0.157855  -5.85966   -6.5915  -4.44707


End of SCF Cycle: 2
Change in density: 0.319251

Ca:
  0.611169   0.180303   0.149959  -0.430633  0.0465704 -0.0557711  -0.617051
   0.17745  -0.494487   0.130153   0.611687 -0.0100787  -0.479019  -0.321455
 0.0909411   0.510229  -0.287007   0.617155 -0.0293061   0.420004  -0.301465
 0.0748211  -0.261386  -0.822548  -0.138536   0.470473 -0.0700387 -0.0636487
  0.426626  -0.297228  -0.315461 -0.0366543  -0.736083   0.206647   0.210393
   0.48279  -0.254109   0.304461   0.157887   0.480119    0.47299   0.361226
  0.407456   0.491326 -0.0969627   0.118535   0.056511   -0.56542   0.496219

Cb:
 -0.610841  -0.189885   0.146468   0.429312 -0.0642771 -0.0641033   0.613852
  -0.17841    0.50705   0.136815  -0.604692  0.0267543  -0.470647   0.323227
-0.0918797  -0.497059  -0.283761  -0.620281  0.0526489   0.427239   0.306458
-0.0748142   0.260624  -0.823319    0.12059  -0.474788 -0.0700507  0.0612523
 -0.426981   0.297422  -0.314189  0.0682422   0.736044   0.202674  -0.207407
 -0.482495   0.255749   0.305529  -0.161025  -0.471585   0.479685  -0.360588
 -0.407296  -0.487836 -0.0969163  -0.141993 -0.0529497  -0.561932  -0.497996


Ea:
-46.4331
-20.1908
-15.2228
-14.3004
 9.04069
 13.1909
 15.8114

Eb:
-46.4004
-20.1604
-15.2058
 2.63248
 9.09782
 13.2476
 15.8435


Ending Densities:
  0.613969    -0.2246   -0.16123 -0.0650907   0.175628   0.226915   0.272026
   -0.2246   0.667106   0.103987 -0.0492683   0.159201   0.347528  -0.110765
  -0.16123   0.103987   0.731857  0.0240164 -0.0449383 -0.0756901   0.388727
-0.0650907 -0.0492683  0.0240164   0.769699   0.374172  -0.169763 -0.0346044
  0.175628   0.159201 -0.0449383   0.374172   0.371213   0.179666  0.0540383
  0.226915   0.347528 -0.0756901  -0.169763   0.179666   0.415282  0.0610586
  0.272026  -0.110765   0.388727 -0.0346044  0.0540383  0.0610586   0.430874

  0.430636   0.032738   0.108946  -0.124379   0.158323   0.290915    0.32723
  0.032738   0.307649  -0.274464  0.0328548      0.184    0.25756  -0.187951
  0.108946  -0.274464    0.33603   0.110954 -0.0194512  -0.169488   0.307406
 -0.124379  0.0328548   0.110954   0.751376   0.368137  -0.148796 -0.0168772
  0.158323      0.184 -0.0194512   0.368137   0.369488   0.186088  0.0592644
  0.290915    0.25756  -0.169488  -0.148796   0.186088   0.391557  0.0421443
   0.32723  -0.187951   0.307406 -0.0168772  0.0592644  0.0421443   0.413266

----------------
Nuclear Repulsion Energy is 356.815
Electron Energy is -525.254
Total Energy=-168.439
----------------
SCF Cycle: 3
Starting Densities: 
  0.613969    -0.2246   -0.16123 -0.0650907   0.175628   0.226915   0.272026
   -0.2246   0.667106   0.103987 -0.0492683   0.159201   0.347528  -0.110765
  -0.16123   0.103987   0.731857  0.0240164 -0.0449383 -0.0756901   0.388727
-0.0650907 -0.0492683  0.0240164   0.769699   0.374172  -0.169763 -0.0346044
  0.175628   0.159201 -0.0449383   0.374172   0.371213   0.179666  0.0540383
  0.226915   0.347528 -0.0756901  -0.169763   0.179666   0.415282  0.0610586
  0.272026  -0.110765   0.388727 -0.0346044  0.0540383  0.0610586   0.430874

  0.430636   0.032738   0.108946  -0.124379   0.158323   0.290915    0.32723
  0.032738   0.307649  -0.274464  0.0328548      0.184    0.25756  -0.187951
  0.108946  -0.274464    0.33603   0.110954 -0.0194512  -0.169488   0.307406
 -0.124379  0.0328548   0.110954   0.751376   0.368137  -0.148796 -0.0168772
  0.158323      0.184 -0.0194512   0.368137   0.369488   0.186088  0.0592644
  0.290915    0.25756  -0.169488  -0.148796   0.186088   0.391557  0.0421443
   0.32723  -0.187951   0.307406 -0.0168772  0.0592644  0.0421443   0.413266


Fock Matrices: 
 -15.1847   3.81797   2.74074   1.10647  -13.0388  -16.0451  -16.7849
  3.81797  -7.60893  -1.76767   0.83751  -8.05517  -13.1904   1.81633
  2.74074  -1.76767  -8.70963 -0.408253  0.660967   1.24117   -13.866
  1.10647   0.83751 -0.408253   -9.3529   -11.217   2.78379  0.567444
 -13.0388  -8.05517  0.660967   -11.217  -6.54313  -10.3479  -5.66624
 -16.0451  -13.1904   1.24117   2.78379  -10.3479  -6.47809   -6.8314
 -16.7849   1.81633   -13.866  0.567444  -5.66624   -6.8314  -5.57889

 -12.0682 -0.556512  -1.85197   2.11431  -12.7843  -17.0946  -17.6901
-0.556512  -1.49853   4.66561 -0.558497  -8.41993  -11.7151   3.08203
 -1.85197   4.66561  -1.98098   -1.8861  0.286095   2.77926  -12.5325
  2.11431 -0.558497   -1.8861  -9.04143  -11.1283   2.43995  0.276753
 -12.7843  -8.41993  0.286095  -11.1283  -6.50677  -10.4616  -5.73821
 -17.0946  -11.7151   2.77926   2.43995  -10.4616  -5.97801  -6.53965
 -17.6901   3.08203  -12.5325  0.276753  -5.73821  -6.53965  -5.20775


End of SCF Cycle: 3
Change in density: 0.1251

Ca:
 -0.611176  -0.176094   0.178756  -0.421787 -0.0329539 -0.0205285    0.61975
 -0.174112   0.489709   0.107505   0.621468  0.0175118  -0.461225   0.345043
-0.0921888  -0.504492  -0.318394   0.599026  0.0274946   0.443656   0.281417
-0.0673893   0.247893  -0.800668  -0.176797  -0.496072 -0.0913067  0.0851908
 -0.432583   0.321634  -0.337017 -0.0535953   0.704623    0.20864  -0.230102
 -0.475905   0.248202    0.30028   0.171469  -0.503514   0.440144  -0.380904
 -0.411698  -0.498156  -0.101475   0.116234 -0.0417693  -0.586877  -0.460834

Cb:
  0.610941   0.183397  -0.154482   -0.43005  0.0429396  0.0270337   0.617846
  0.175145  -0.499037  -0.144934   0.610702 -0.0209528   0.454553    0.34535
 0.0931476   0.495257    0.28564   0.617247 -0.0404532  -0.448288   0.284364
 0.0673587  -0.247955   0.809506  -0.126337   0.497807  0.0896018   0.082944
  0.433049  -0.322204   0.337407 -0.0523494   -0.70673  -0.203065  -0.226642
  0.475469  -0.248536  -0.308674   0.153559   0.497002  -0.447947  -0.381617
  0.411411   0.494956  0.0954782   0.137202  0.0423241    0.58461  -0.462882


Ea:
-46.5908
-20.5604
-15.5683
-14.7472
 9.51972
 12.9697
 15.5211

Eb:
-46.5554
-20.5294
-15.5465
 2.19294
 9.57593
 13.0272
 15.5536


Ending Densities:
  0.614403  -0.222732  -0.164394 -0.0710189   0.170109   0.228508   0.272177
 -0.222732    0.66791   0.107043 -0.0628204   0.163286   0.343251  -0.110944
 -0.164394   0.107043   0.723218  0.0301739 -0.0471832 -0.0742356   0.391206
-0.0710189 -0.0628204  0.0301739   0.738319   0.388196  -0.177141 -0.0350476
  0.170109   0.163286 -0.0471832   0.388196   0.407029   0.175309  0.0458392
  0.228508   0.343251 -0.0742356  -0.177141   0.175309   0.407659  0.0617456
  0.272177  -0.110944   0.391206 -0.0350476  0.0458392  0.0617456   0.441463

  0.430748   0.037871    0.10361  -0.129376   0.153353   0.292587   0.327372
  0.037871   0.300719  -0.272236  0.0182113   0.187737   0.252042  -0.188783
   0.10361  -0.272236   0.335546     0.1147 -0.0228596   -0.16697   0.310725
 -0.129376  0.0182113     0.1147   0.721319   0.382195  -0.156221 -0.0177244
  0.153353   0.187737 -0.0228596   0.382195   0.405191   0.181832  0.0508993
  0.292587   0.252042   -0.16697  -0.156221   0.181832    0.38312  0.0431271
  0.327372  -0.188783   0.310725 -0.0177244  0.0508993  0.0431271   0.423357

----------------
Nuclear Repulsion Energy is 356.815
Electron Energy is -525.423
Total Energy=-168.609
----------------
SCF Cycle: 4
Starting Densities: 
  0.614403  -0.222732  -0.164394 -0.0710189   0.170109   0.228508   0.272177
 -0.222732    0.66791   0.107043 -0.0628204   0.163286   0.343251  -0.110944
 -0.164394   0.107043   0.723218  0.0301739 -0.0471832 -0.0742356   0.391206
-0.0710189 -0.0628204  0.0301739   0.738319   0.388196  -0.177141 -0.0350476
  0.170109   0.163286 -0.0471832   0.388196   0.407029   0.175309  0.0458392
  0.228508   0.343251 -0.0742356  -0.177141   0.175309   0.407659  0.0617456
  0.272177  -0.110944   0.391206 -0.0350476  0.0458392  0.0617456   0.441463

  0.430748   0.037871    0.10361  -0.129376   0.153353   0.292587   0.327372
  0.037871   0.300719  -0.272236  0.0182113   0.187737   0.252042  -0.188783
   0.10361  -0.272236   0.335546     0.1147 -0.0228596   -0.16697   0.310725
 -0.129376  0.0182113     0.1147   0.721319   0.382195  -0.156221 -0.0177244
  0.153353   0.187737 -0.0228596   0.382195   0.405191   0.181832  0.0508993
  0.292587   0.252042   -0.16697  -0.156221   0.181832    0.38312  0.0431271
  0.327372  -0.188783   0.310725 -0.0177244  0.0508993  0.0431271   0.423357


Fock Matrices: 
 -15.3586   3.78621   2.79453   1.20725  -12.9577  -16.0712  -16.7873
  3.78621  -7.78919  -1.81961   1.06788  -8.11526  -13.1203   1.81926
  2.79453  -1.81961  -8.72938 -0.512924  0.693986   1.21732  -13.9067
  1.20725   1.06788 -0.512924  -8.98607  -11.4233   2.90477  0.574711
 -12.9577  -8.11526  0.693986  -11.4233  -6.90984  -10.2709  -5.55334
 -16.0712  -13.1203   1.21732   2.90477  -10.2709  -6.32015    -6.842
 -16.7873   1.81926  -13.9067  0.574711  -5.55334    -6.842  -5.87762

 -12.2367 -0.643768  -1.76126   2.19925  -12.7112   -17.122  -17.6924
-0.643768  -1.54734   4.62772 -0.309573  -8.47488  -11.6246   3.09566
 -1.76126   4.62772  -2.13935  -1.94978  0.336226   2.73798  -12.5869
  2.19925 -0.309573  -1.94978   -8.6971   -11.335   2.56172  0.290644
 -12.7112  -8.47488  0.336226   -11.335  -6.87109  -10.3863  -5.62302
  -17.122  -11.6246   2.73798   2.56172  -10.3863  -5.80293  -6.55481
 -17.6924   3.09566  -12.5869  0.290644  -5.62302  -6.55481  -5.49598


End of SCF Cycle: 4
Change in density: 0.0572924

Ca:
  0.612355   0.172988  -0.191893   0.417081  0.0270287 0.00904807   0.619278
  0.173694  -0.489869 -0.0961666  -0.625512 -0.0183924   0.453861   0.350739
 0.0926226   0.503045   0.329136  -0.591107 -0.0262622  -0.451565   0.275733
  0.065053  -0.237298   0.791152   0.192916   0.507362   0.100743  0.0935677
   0.43242  -0.330021   0.348928  0.0616424  -0.692429  -0.208856   -0.23552
  0.473397  -0.246158  -0.296287  -0.175561   0.510118  -0.430394  -0.388889
   0.41346    0.50123   0.100702  -0.116332  0.0338663    0.59246  -0.449432

Cb:
  0.612243   0.177871  -0.159458  -0.430405  0.0354437  0.0140158    0.61757
  0.174634  -0.495827  -0.146274   0.614262 -0.0186726   0.448852   0.350895
 0.0934736   0.497621   0.284727   0.614539 -0.0372671  -0.453972   0.278261
 0.0650416  -0.238031   0.803994  -0.127633   0.508364  0.0981937  0.0913128
  0.432929  -0.330844   0.350224 -0.0472092  -0.695218  -0.202818  -0.231875
  0.472871  -0.245439  -0.307506   0.152669   0.503971  -0.438337  -0.390076
   0.41311   0.498533  0.0921127    0.13397  0.0354525    0.59104  -0.451428


Ea:
 -46.643
-20.6619
-15.6749
 -14.907
 9.61512
 12.8849
 15.4159

Eb:
-46.6062
-20.6312
-15.6515
 2.03517
 9.67173
 12.9424
 15.4492


Ending Densities:
  0.615683  -0.220814   -0.16596 -0.0725692   0.166458   0.230937   0.272047
 -0.220814   0.670654   0.107754 -0.0692093   0.164662    0.34112  -0.110638
  -0.16596   0.107754   0.719371  0.0330166 -0.0475561 -0.0737244   0.392347
-0.0725692 -0.0692093  0.0330166    0.72368    0.39439  -0.179068 -0.0348161
  0.166458   0.164662 -0.0475561    0.39439   0.421451   0.171739  0.0413385
  0.230937    0.34112 -0.0737244  -0.179068   0.171739   0.403306  0.0629362
  0.272047  -0.110638   0.392347 -0.0348161  0.0413385  0.0629362   0.445855

 0.431906 0.0420501  0.100339 -0.130721  0.150364   0.29489   0.32691
0.0420501  0.297738 -0.272058 0.0117771  0.188417  0.249255 -0.188516
 0.100339 -0.272058  0.337433  0.116549 -0.024449  -0.16549  0.312922
-0.130721 0.0117771  0.116549  0.707296  0.388487 -0.158054 -0.017739
 0.150364  0.188417 -0.024449  0.388487  0.419541  0.178226 0.0461707
  0.29489  0.249255  -0.16549 -0.158054  0.178226  0.378407 0.0446633
  0.32691 -0.188516  0.312922 -0.017739 0.0461707 0.0446633  0.427679

----------------
Nuclear Repulsion Energy is 356.815
Electron Energy is -525.459
Total Energy=-168.644
----------------
SCF Cycle: 5
Starting Densities: 
  0.615683  -0.220814   -0.16596 -0.0725692   0.166458   0.230937   0.272047
 -0.220814   0.670654   0.107754 -0.0692093   0.164662    0.34112  -0.110638
  -0.16596   0.107754   0.719371  0.0330166 -0.0475561 -0.0737244   0.392347
-0.0725692 -0.0692093  0.0330166    0.72368    0.39439  -0.179068 -0.0348161
  0.166458   0.164662 -0.0475561    0.39439   0.421451   0.171739  0.0413385
  0.230937    0.34112 -0.0737244  -0.179068   0.171739   0.403306  0.0629362
  0.272047  -0.110638   0.392347 -0.0348161  0.0413385  0.0629362   0.445855

 0.431906 0.0420501  0.100339 -0.130721  0.150364   0.29489   0.32691
0.0420501  0.297738 -0.272058 0.0117771  0.188417  0.249255 -0.188516
 0.100339 -0.272058  0.337433  0.116549 -0.024449  -0.16549  0.312922
-0.130721 0.0117771  0.116549  0.707296  0.388487 -0.158054 -0.017739
 0.150364  0.188417 -0.024449  0.388487  0.419541  0.178226 0.0461707
  0.29489  0.249255  -0.16549 -0.158054  0.178226  0.378407 0.0446633
  0.32691 -0.188516  0.312922 -0.017739 0.0461707 0.0446633  0.427679


Fock Matrices: 
 -15.4461   3.75361   2.82114    1.2336   -12.904  -16.1111  -16.7852
  3.75361  -7.90154  -1.83171   1.17649   -8.1355  -13.0853   1.81425
  2.82114  -1.83171  -8.72968 -0.561247  0.699471   1.20893  -13.9254
   1.2336   1.17649 -0.561247  -8.80292  -11.5144   2.93636  0.570915
  -12.904   -8.1355  0.699471  -11.5144  -7.06578  -10.2077  -5.49137
 -16.1111  -13.0853   1.20893   2.93636  -10.2077  -6.24208  -6.86036
 -16.7852   1.81425  -13.9254  0.570915  -5.49137  -6.86036  -5.99621

 -12.3221 -0.714808  -1.70565   2.22211  -12.6673  -17.1598  -17.6848
-0.714808  -1.56236   4.62471 -0.200199  -8.48489  -11.5789    3.0913
 -1.70565   4.62471  -2.23713  -1.98122  0.359603    2.7137  -12.6229
  2.22211 -0.200199  -1.98122  -8.52441  -11.4276   2.59178  0.290884
 -12.6673  -8.48489  0.359603  -11.4276  -7.02553  -10.3225  -5.55791
 -17.1598  -11.5789    2.7137   2.59178  -10.3225  -5.71727  -6.57851
 -17.6848    3.0913  -12.6229  0.290884  -5.55791  -6.57851   -5.6131


End of SCF Cycle: 5
Change in density: 0.0286669

Ca:
  0.613101   0.171281  -0.197704   0.414868  0.0239506 0.00499137   0.618845
  0.173777  -0.490591 -0.0916032  -0.627445 -0.0182501   0.450293   0.352062
 0.0927467   0.502708   0.333038   -0.58772 -0.0253697  -0.454557   0.274023
 0.0644223   -0.23172   0.786696   0.199446   0.512762   0.105388  0.0972366
  0.431783  -0.333171   0.355211  0.0650374  -0.687115   -0.20897  -0.237403
  0.472459  -0.244944   -0.29432  -0.176384   0.512344  -0.427248  -0.392443
  0.414129   0.502566  0.0995886  -0.116892  0.0300142   0.594368   -0.44516

Cb:
  0.613052   0.174298  -0.162371  -0.430718  0.0321155 0.00889957   0.617086
  0.174662   -0.49395  -0.146457   0.616672  -0.017787   0.446414   0.352378
 0.0935385   0.500111   0.284432    0.61235 -0.0361129   -0.45552   0.276517
 0.0644234  -0.232953   0.801237  -0.128158   0.513483   0.102433  0.0949678
  0.432305  -0.334154   0.356845  -0.044909  -0.690185  -0.202794  -0.233703
  0.471886  -0.243494  -0.306391   0.153143   0.506273   -0.43508  -0.393826
  0.413759   0.500307  0.0899409   0.131646  0.0318628   0.593484  -0.447032


Ea:
-46.6666
-20.6963
-15.7128
-14.9704
 9.63761
 12.8503
 15.3738

Eb:
-46.6292
-20.6659
-15.6894
 1.97315
 9.69437
 12.9075
 15.4075


Ending Densities:
  0.616433  -0.219682  -0.166701 -0.0729813   0.164416   0.232723     0.2718
 -0.219682   0.672955   0.107747 -0.0723306   0.165138   0.339902  -0.110368
 -0.166701   0.107747   0.717646  0.0342682 -0.0473666 -0.0736719    0.39292
-0.0729813 -0.0723306  0.0342682   0.716514   0.397434  -0.179524 -0.0347433
  0.164416   0.165138 -0.0473666   0.397434   0.427844    0.16959  0.0391458
  0.232723   0.339902 -0.0736719  -0.179524    0.16959   0.400951   0.063865
    0.2718  -0.110368    0.39292 -0.0347433  0.0391458   0.063865   0.447658

  0.432577  0.0447625  0.0983291  -0.131206   0.148842   0.296599   0.326255
 0.0447625   0.295943  -0.272349 0.00897274     0.1883   0.247568  -0.188031
 0.0983291  -0.272349   0.339762   0.117421 -0.0251786  -0.164782   0.314494
 -0.131206 0.00897274   0.117421   0.700399    0.39161  -0.158369 -0.0178283
  0.148842     0.1883 -0.0251786    0.39161   0.425885   0.176029  0.0437858
  0.296599   0.247568  -0.164782  -0.158369   0.176029   0.375841  0.0458681
  0.326255  -0.188031   0.314494 -0.0178283  0.0437858  0.0458681   0.429593

----------------
Nuclear Repulsion Energy is 356.815
Electron Energy is -525.467
Total Energy=-168.653
----------------
SCF Cycle: 6
Starting Densities: 
  0.616433  -0.219682  -0.166701 -0.0729813   0.164416   0.232723     0.2718
 -0.219682   0.672955   0.107747 -0.0723306   0.165138   0.339902  -0.110368
 -0.166701   0.107747   0.717646  0.0342682 -0.0473666 -0.0736719    0.39292
-0.0729813 -0.0723306  0.0342682   0.716514   0.397434  -0.179524 -0.0347433
  0.164416   0.165138 -0.0473666   0.397434   0.427844    0.16959  0.0391458
  0.232723   0.339902 -0.0736719  -0.179524    0.16959   0.400951   0.063865
    0.2718  -0.110368    0.39292 -0.0347433  0.0391458   0.063865   0.447658

  0.432577  0.0447625  0.0983291  -0.131206   0.148842   0.296599   0.326255
 0.0447625   0.295943  -0.272349 0.00897274     0.1883   0.247568  -0.188031
 0.0983291  -0.272349   0.339762   0.117421 -0.0251786  -0.164782   0.314494
 -0.131206 0.00897274   0.117421   0.700399    0.39161  -0.158369 -0.0178283
  0.148842     0.1883 -0.0251786    0.39161   0.425885   0.176029  0.0437858
  0.296599   0.247568  -0.164782  -0.158369   0.176029   0.375841  0.0458681
  0.326255  -0.188031   0.314494 -0.0178283  0.0437858  0.0458681   0.429593


Fock Matrices: 
 -15.4873   3.73437   2.83375   1.24061  -12.8739  -16.1404  -16.7811
  3.73437  -7.96911  -1.83159   1.22955   -8.1425  -13.0654   1.80982
  2.83375  -1.83159  -8.72881 -0.582523  0.696684   1.20807  -13.9348
  1.24061   1.22955 -0.582523  -8.70956  -11.5592   2.94384  0.569721
 -12.8739   -8.1425  0.696684  -11.5592  -7.13758  -10.1697  -5.46117
 -16.1404  -13.0654   1.20807   2.94384  -10.1697   -6.2026  -6.87469
 -16.7811   1.80982  -13.9348  0.569721  -5.46117  -6.87469  -6.04549

 -12.3619 -0.760915  -1.67149   2.23036  -12.6449  -17.1878  -17.6741
-0.760915   -1.5603   4.62965 -0.152527  -8.48317  -11.5513   3.08334
 -1.67149   4.62965  -2.30518  -1.99604  0.370335    2.7021  -12.6487
  2.23036 -0.152527  -1.99604  -8.43562  -11.4735   2.59693  0.292349
 -12.6449  -8.48317  0.370335  -11.4735  -7.09628  -10.2836  -5.52507
 -17.1878  -11.5513    2.7021   2.59693  -10.2836  -5.67335  -6.59709
 -17.6741   3.08334  -12.6487  0.292349  -5.52507  -6.59709  -5.66472


End of SCF Cycle: 6
Change in density: 0.0153063

Ca:
   0.61349   0.170369  -0.200331   0.413827  0.0222782 0.00346161   0.618636
  0.173871  -0.491171 -0.0898258  -0.628475 -0.0180259   0.448363   0.352302
 0.0927846   0.502691   0.334561  -0.586193 -0.0246935    -0.4558   0.273453
 0.0642492  -0.228979   0.784502   0.202193   0.515463   0.107788  0.0989679
  0.431356  -0.334416   0.358546  0.0664239  -0.684615  -0.209061  -0.238173
  0.472091  -0.244205   -0.29344  -0.176275   0.513201  -0.426159  -0.394115
  0.414397   0.503116  0.0988014  -0.117376  0.0281725   0.595205  -0.443338

Cb:
  0.613467   0.172015   -0.16412   -0.43096  0.0305161 0.00664447   0.616791
  0.174734  -0.492616  -0.146265   0.618398 -0.0174708   0.445195   0.352824
 0.0935524   0.502114   0.284648   0.610614  -0.035561  -0.455883   0.275974
 0.0642558  -0.230582   0.799723  -0.128583   0.516062    0.10461  0.0966908
  0.431882  -0.335503   0.360265 -0.0437325  -0.687826  -0.202814  -0.234466
  0.471493  -0.242253  -0.305651   0.153882   0.507119  -0.433847  -0.395618
  0.414026   0.501204  0.0887474   0.129933  0.0300835   0.594666  -0.445068


Ea:
-46.6778
-20.7103
-15.7279
 -14.998
 9.64341
 12.8348
 15.3554

Eb:
-46.6402
-20.6801
-15.7047
 1.94643
 9.70027
 12.8917
 15.3892


Ending Densities:
  0.616781  -0.219097   -0.16704 -0.0730818   0.163318   0.233856   0.271577
 -0.219097   0.674529   0.107581 -0.0739028   0.165303   0.339172  -0.110171
  -0.16704   0.107581    0.71686  0.0347951 -0.0470665  -0.073799   0.393222
-0.0730818 -0.0739028  0.0347951   0.712885   0.398999  -0.179597 -0.0348014
  0.163318   0.165303 -0.0470665   0.398999   0.430869   0.168384  0.0381303
  0.233856   0.339172  -0.073799  -0.179597   0.168384   0.399686   0.064468
  0.271577  -0.110171   0.393222 -0.0348014  0.0381303   0.064468   0.448389

  0.432867  0.0464612   0.097046  -0.131495   0.148107   0.297738   0.325641
 0.0464612   0.294595  -0.272637 0.00784472   0.188044   0.246429  -0.187537
  0.097046  -0.272637   0.341895   0.117872 -0.0255088  -0.164532   0.315656
 -0.131495 0.00784472   0.117872   0.696854   0.393225  -0.158281 -0.0179917
  0.148107   0.188044 -0.0255088   0.393225   0.428875    0.17479  0.0426276
  0.297738   0.246429  -0.164532  -0.158281    0.17479   0.374415  0.0466669
  0.325641  -0.187537   0.315656 -0.0179917  0.0426276  0.0466669   0.430499

----------------
Nuclear Repulsion Energy is 356.815
Electron Energy is -525.47
Total Energy=-168.655
----------------
SCF Cycle: 7
Starting Densities: 
  0.616781  -0.219097   -0.16704 -0.0730818   0.163318   0.233856   0.271577
 -0.219097   0.674529   0.107581 -0.0739028   0.165303   0.339172  -0.110171
  -0.16704   0.107581    0.71686  0.0347951 -0.0470665  -0.073799   0.393222
-0.0730818 -0.0739028  0.0347951   0.712885   0.398999  -0.179597 -0.0348014
  0.163318   0.165303 -0.0470665   0.398999   0.430869   0.168384  0.0381303
  0.233856   0.339172  -0.073799  -0.179597   0.168384   0.399686   0.064468
  0.271577  -0.110171   0.393222 -0.0348014  0.0381303   0.064468   0.448389

  0.432867  0.0464612   0.097046  -0.131495   0.148107   0.297738   0.325641
 0.0464612   0.294595  -0.272637 0.00784472   0.188044   0.246429  -0.187537
  0.097046  -0.272637   0.341895   0.117872 -0.0255088  -0.164532   0.315656
 -0.131495 0.00784472   0.117872   0.696854   0.393225  -0.158281 -0.0179917
  0.148107   0.188044 -0.0255088   0.393225   0.428875    0.17479  0.0426276
  0.297738   0.246429  -0.164532  -0.158281    0.17479   0.374415  0.0466669
  0.325641  -0.187537   0.315656 -0.0179917  0.0426276  0.0466669   0.430499


Fock Matrices: 
 -15.5063   3.72443    2.8395   1.24231  -12.8578  -16.1589  -16.7775
  3.72443  -8.00901  -1.82876   1.25627  -8.14493  -13.0534   1.80659
   2.8395  -1.82876  -8.72859 -0.591481  0.692269   1.21016  -13.9397
  1.24231   1.25627 -0.591481  -8.66102  -11.5822   2.94503  0.570673
 -12.8578  -8.14493  0.692269  -11.5822   -7.1726  -10.1483  -5.44719
 -16.1589  -13.0534   1.21016   2.94503  -10.1483  -6.18235  -6.88399
 -16.7775   1.80659  -13.9397  0.570673  -5.44719  -6.88399  -6.06644

   -12.38 -0.789792  -1.64968   2.23528  -12.6341  -17.2065   -17.664
-0.789792  -1.55053   4.63454 -0.133352  -8.47941  -11.5326   3.07524
 -1.64968   4.63454  -2.35458   -2.0037  0.375192     2.698  -12.6678
  2.23528 -0.133352   -2.0037  -8.38851  -11.4973   2.59549  0.295029
 -12.6341  -8.47941  0.375192  -11.4973  -7.13056  -10.2617  -5.50912
 -17.2065  -11.5326     2.698   2.59549  -10.2617  -5.64968  -6.60941
  -17.664   3.07524  -12.6678  0.295029  -5.50912  -6.60941  -5.68935


End of SCF Cycle: 7
Change in density: 0.00873595

Ca:
  0.613683   0.169887  -0.201526   0.413334  0.0213502 0.00288459   0.618555
  0.173927   -0.49155 -0.0891667   -0.62905 -0.0178595   0.447275   0.352276
 0.0927958   0.502751    0.33517   -0.58548 -0.0241951  -0.456349   0.273249
 0.0641966  -0.227653   0.783387   0.203371   0.516856   0.109065  0.0998168
  0.431121  -0.334915   0.360343   0.066957  -0.683379  -0.209137  -0.238519
  0.471942  -0.243772  -0.293072  -0.175963   0.513564  -0.425779  -0.394913
  0.414508   0.503328  0.0983092  -0.117719  0.0272983   0.595618  -0.442511

Cb:
   0.61367   0.170528  -0.165245  -0.431121  0.0297263 0.00556503   0.616638
  0.174782  -0.491592  -0.145887   0.619671 -0.0173776   0.444541   0.352979
 0.0935564    0.50362   0.285111   0.609239 -0.0352523  -0.455908   0.275786
  0.064205  -0.229531   0.798839   -0.12904     0.5174   0.105747  0.0975354
  0.431647  -0.336075   0.362048 -0.0431178  -0.686672  -0.202825  -0.234822
  0.471327  -0.241469  -0.305175   0.154617   0.507442  -0.433342  -0.396513
  0.414146   0.501684  0.0881376   0.128655  0.0292215    0.59531  -0.444104


Ea:
-46.6832
-20.7169
-15.7344
-15.0108
  9.6448
 12.8274
 15.3468

Eb:
-46.6454
-20.6869
-15.7114
 1.93416
 9.70181
 12.8839
 15.3806


Ending Densities:
  0.616926  -0.218811  -0.167186 -0.0730917    0.16273   0.234539   0.271416
 -0.218811   0.675527   0.107422 -0.0747144   0.165361   0.338731  -0.110032
 -0.167186   0.107422   0.716496  0.0350023 -0.0467988 -0.0739687   0.393386
-0.0730917 -0.0747144  0.0350023   0.711001   0.399826  -0.179582 -0.0349004
   0.16273   0.165361 -0.0467988   0.399826   0.432364   0.167718  0.0376737
  0.234539   0.338731 -0.0739687  -0.179582   0.167718   0.399008   0.064829
  0.271416  -0.110032   0.393386 -0.0349004  0.0376737   0.064829   0.448678

  0.432977  0.0475356   0.096181  -0.131745   0.147752   0.298491   0.325136
 0.0475356   0.293494  -0.272818 0.00751693   0.187837   0.245605  -0.187096
  0.096181  -0.272818   0.343674   0.118168 -0.0256468  -0.164522   0.316533
 -0.131745 0.00751693   0.118168    0.69495   0.394071    -0.1581 -0.0181539
  0.147752   0.187837 -0.0256468   0.394071   0.430344    0.17411  0.0420716
  0.298491   0.245605  -0.164522    -0.1581    0.17411   0.373589  0.0471595
  0.325136  -0.187096   0.316533 -0.0181539  0.0420716  0.0471595   0.430971

----------------
Nuclear Repulsion Energy is 356.815
Electron Energy is -525.471
Total Energy=-168.656
----------------
SCF Cycle: 8
Starting Densities: 
  0.616926  -0.218811  -0.167186 -0.0730917    0.16273   0.234539   0.271416
 -0.218811   0.675527   0.107422 -0.0747144   0.165361   0.338731  -0.110032
 -0.167186   0.107422   0.716496  0.0350023 -0.0467988 -0.0739687   0.393386
-0.0730917 -0.0747144  0.0350023   0.711001   0.399826  -0.179582 -0.0349004
   0.16273   0.165361 -0.0467988   0.399826   0.432364   0.167718  0.0376737
  0.234539   0.338731 -0.0739687  -0.179582   0.167718   0.399008   0.064829
  0.271416  -0.110032   0.393386 -0.0349004  0.0376737   0.064829   0.448678

  0.432977  0.0475356   0.096181  -0.131745   0.147752   0.298491   0.325136
 0.0475356   0.293494  -0.272818 0.00751693   0.187837   0.245605  -0.187096
  0.096181  -0.272818   0.343674   0.118168 -0.0256468  -0.164522   0.316533
 -0.131745 0.00751693   0.118168    0.69495   0.394071    -0.1581 -0.0181539
  0.147752   0.187837 -0.0256468   0.394071   0.430344    0.17411  0.0420716
  0.298491   0.245605  -0.164522    -0.1581    0.17411   0.373589  0.0471595
  0.325136  -0.187096   0.316533 -0.0181539  0.0420716  0.0471595   0.430971


Fock Matrices: 
 -15.5152   3.71956   2.84199   1.24248  -12.8491  -16.1701  -16.7749
  3.71956  -8.03232  -1.82607   1.27007  -8.14578  -13.0462    1.8043
  2.84199  -1.82607  -8.72874 -0.595002  0.688332   1.21294  -13.9424
  1.24248   1.27007 -0.595002  -8.63534  -11.5944   2.94479  0.572298
 -12.8491  -8.14578  0.688332  -11.5944  -7.19043  -10.1366   -5.4409
 -16.1701  -13.0462   1.21294   2.94479  -10.1366    -6.172  -6.88955
 -16.7749    1.8043  -13.9424  0.572298   -5.4409  -6.88955  -6.07529

 -12.3882 -0.808055  -1.63498   2.23953  -12.6288  -17.2188  -17.6557
-0.808055  -1.53816   4.63761  -0.12778  -8.47637  -11.5191   3.06801
 -1.63498   4.63761  -2.39117  -2.00873  0.377222   2.69784  -12.6822
  2.23953  -0.12778  -2.00873  -8.36249  -11.5097   2.59252  0.297689
 -12.6288  -8.47637  0.377222  -11.5097  -7.14784  -10.2497  -5.50146
 -17.2188  -11.5191   2.69784   2.59252  -10.2497  -5.63623  -6.61701
 -17.6557   3.06801  -12.6822  0.297689  -5.50146  -6.61701  -5.70207


End of SCF Cycle: 8
Change in density: 0.00537696

Ca:
  0.613777   0.169637   -0.20206   0.413103  0.0208252 0.00269094   0.618528
  0.173956  -0.491781 -0.0889582  -0.629376 -0.0177522    0.44666   0.352197
 0.0927976   0.502815   0.335399  -0.585146 -0.0238406  -0.456598   0.273178
 0.0641777  -0.227011   0.782808   0.203866   0.517592   0.109761    0.10024
  0.430999  -0.335113   0.361328    0.06713  -0.682746  -0.209201   -0.23868
   0.47188  -0.243527  -0.292937   -0.17566   0.513728  -0.425659  -0.395287
  0.414554     0.5034  0.0980109  -0.117947  0.0268847   0.595825  -0.442137

Cb:
  0.613768   0.169539  -0.166036  -0.431209  0.0293345 0.00501879   0.616563
   0.17481  -0.490789  -0.145411   0.620631 -0.0173673   0.444184   0.353043
 0.0935575   0.504726   0.285673   0.608146 -0.0350718  -0.455852   0.275711
 0.0641862  -0.229096    0.79829  -0.129546   0.518113   0.106346  0.0979569
  0.431525  -0.336324   0.362983 -0.0428247  -0.686091  -0.202824  -0.234996
  0.471254  -0.240975  -0.304856   0.155284   0.507558  -0.433127  -0.396972
  0.414202   0.501962  0.0878536   0.127692  0.0288105   0.595675  -0.443608


Ea:
-46.6859
-20.7201
-15.7374
-15.0171
 9.64493
 12.8237
 15.3426

Eb:
-46.6481
-20.6902
-15.7146
 1.92827
 9.70213
 12.8799
 15.3765


Ending Densities:
  0.616982  -0.218676  -0.167243 -0.0730756   0.162411   0.234943   0.271311
 -0.218676   0.676137   0.107308 -0.0751418   0.165384   0.338464  -0.109934
 -0.167243   0.107308   0.716323   0.035073 -0.0465955 -0.0741238   0.393476
-0.0730756 -0.0751418   0.035073   0.710003   0.400271  -0.179557 -0.0349938
  0.162411   0.165384 -0.0465955   0.400271   0.433126    0.16735  0.0374731
  0.234943   0.338464 -0.0741238  -0.179557    0.16735   0.398645  0.0650357
  0.271311  -0.109934   0.393476 -0.0349938  0.0374731  0.0650357   0.448785

  0.433023  0.0482285  0.0955613   -0.13199   0.147568   0.299003   0.324739
 0.0482285   0.292577    -0.2729   0.007578   0.187718   0.244977  -0.186726
 0.0955613    -0.2729   0.345111   0.118424 -0.0256852  -0.164626   0.317202
  -0.13199   0.007578   0.118424   0.693872   0.394514  -0.157909 -0.0182785
  0.147568   0.187718 -0.0256852   0.394514   0.431084   0.173746  0.0418059
  0.299003   0.244977  -0.164626  -0.157909   0.173746   0.373086  0.0474515
  0.324739  -0.186726   0.317202 -0.0182785  0.0418059  0.0474515   0.431247

----------------
Nuclear Repulsion Energy is 356.815
Electron Energy is -525.471
Total Energy=-168.656
----------------
SCF Cycle: 9
Starting Densities: 
  0.616982  -0.218676  -0.167243 -0.0730756   0.162411   0.234943   0.271311
 -0.218676   0.676137   0.107308 -0.0751418   0.165384   0.338464  -0.109934
 -0.167243   0.107308   0.716323   0.035073 -0.0465955 -0.0741238   0.393476
-0.0730756 -0.0751418   0.035073   0.710003   0.400271  -0.179557 -0.0349938
  0.162411   0.165384 -0.0465955   0.400271   0.433126    0.16735  0.0374731
  0.234943   0.338464 -0.0741238  -0.179557    0.16735   0.398645  0.0650357
  0.271311  -0.109934   0.393476 -0.0349938  0.0374731  0.0650357   0.448785

  0.433023  0.0482285  0.0955613   -0.13199   0.147568   0.299003   0.324739
 0.0482285   0.292577    -0.2729   0.007578   0.187718   0.244977  -0.186726
 0.0955613    -0.2729   0.345111   0.118424 -0.0256852  -0.164626   0.317202
  -0.13199   0.007578   0.118424   0.693872   0.394514  -0.157909 -0.0182785
  0.147568   0.187718 -0.0256852   0.394514   0.431084   0.173746  0.0418059
  0.299003   0.244977  -0.164626  -0.157909   0.173746   0.373086  0.0474515
  0.324739  -0.186726   0.317202 -0.0182785  0.0418059  0.0474515   0.431247


Fock Matrices: 
 -15.5193   3.71727   2.84296   1.24221  -12.8445  -16.1768  -16.7731
  3.71727  -8.04583  -1.82413   1.27733  -8.14611  -13.0418   1.80271
  2.84296  -1.82413  -8.72896 -0.596204  0.685342   1.21548  -13.9439
  1.24221   1.27733 -0.596204  -8.62152  -11.6009   2.94438   0.57383
 -12.8445  -8.14611  0.685342  -11.6009  -7.19985  -10.1301  -5.43814
 -16.1768  -13.0418   1.21548   2.94438  -10.1301  -6.16684  -6.89274
 -16.7731   1.80271  -13.9439   0.57383  -5.43814  -6.89274  -6.07885

 -12.3922 -0.819835  -1.62444   2.24369  -12.6261  -17.2272  -17.6493
-0.819835  -1.52572   4.63901 -0.128818  -8.47461  -11.5088   3.06193
 -1.62444   4.63901  -2.41873  -2.01309  0.377786   2.69954  -12.6931
  2.24369 -0.128818  -2.01309   -8.3473  -11.5162   2.58939  0.299732
 -12.6261  -8.47461  0.377786  -11.5162  -7.15683  -10.2432   -5.4978
 -17.2272  -11.5088   2.69954   2.58939  -10.2432   -5.6281  -6.62151
 -17.6493   3.06193  -12.6931  0.299732   -5.4978  -6.62151   -5.7092


End of SCF Cycle: 9
Change in density: 0.00358954

Ca:
  0.613824   0.169511  -0.202286   0.412998  0.0205217 0.00265448   0.618523
  0.173971  -0.491915 -0.0889266   -0.62956 -0.0176875   0.446318   0.352119
  0.092796   0.502864   0.335467  -0.584995 -0.0235948   -0.45671   0.273162
 0.0641696  -0.226699   0.782504   0.204056   0.517991   0.110149   0.100452
  0.430939  -0.335187   0.361878  0.0671569   -0.68241  -0.209256  -0.238755
  0.471856  -0.243392  -0.292906  -0.175421   0.513808  -0.425636  -0.395451
  0.414572   0.503419  0.0978309  -0.118095  0.0266886   0.595921  -0.441982

Cb:
  0.613816   0.168866  -0.166645  -0.431238  0.0291434  0.0047315   0.616527
  0.174826  -0.490162  -0.144887   0.621366 -0.0173847   0.443989   0.353073
  0.093557   0.505533    0.28626   0.607268 -0.0349692  -0.455789   0.275677
 0.0641777  -0.228939   0.797925  -0.130087   0.518505   0.106663   0.098168
