p=4, q=4

gamma:
21.0778  14.402
 14.402 25.2019

overlap:
        1   0.45346 -0.351578         0         0
  0.45346         1         0         0         0
-0.351578         0         1         0         0
        0         0         0         1         0
        0         0         0         0         1

Hcore:
-118.529  -10.883  8.43788       -0       -0
 -10.883 -210.487       -0       -0       -0
 8.43788       -0 -189.295       -0       -0
      -0       -0       -0 -189.295       -0
      -0       -0       -0       -0 -189.295

----------------
SCF Cycle: 1
Starting Densities: 
0 0 0 0 0
0 0 0 0 0
0 0 0 0 0
0 0 0 0 0
0 0 0 0 0

0 0 0 0 0
0 0 0 0 0
0 0 0 0 0
0 0 0 0 0
0 0 0 0 0


Fock Matrices: 
-118.529  -10.883  8.43788       -0       -0
 -10.883 -210.487       -0       -0       -0
 8.43788       -0 -189.295       -0       -0
      -0       -0       -0 -189.295       -0
      -0       -0       -0       -0 -189.295

-118.529  -10.883  8.43788       -0       -0
 -10.883 -210.487       -0       -0       -0
 8.43788       -0 -189.295       -0       -0
      -0       -0       -0 -189.295       -0
      -0       -0       -0       -0 -189.295


End of SCF Cycle: 1
Change in density: 4

Ca:
  0.119784   0.108018          0          0   0.986906
  0.991784 -0.0579848          0          0   -0.11403
-0.0449083  -0.992457          0          0   0.114076
         0          0          1          0          0
         0          0          0          1          0

Cb:
  0.119784   0.108018          0          0   0.986906
  0.991784 -0.0579848          0          0   -0.11403
-0.0449083  -0.992457          0          0   0.114076
         0          0          1          0          0
         0          0          0          1          0


Ea:
-211.801
-190.213
-189.295
-189.295
-116.296

Eb:
-211.801
-190.213
-189.295
-189.295
-116.296


Ending Densities:
0.0260161  0.112537 -0.112582         0         0
 0.112537  0.986997  0.013008         0         0
-0.112582  0.013008  0.986987         0         0
        0         0         0         1         0
        0         0         0         0         1

0.0260161  0.112537 -0.112582         0         0
 0.112537  0.986997  0.013008         0         0
-0.112582  0.013008  0.986987         0         0
        0         0         0         1         0
        0         0         0         0         1

----------------
Nuclear Repulsion Energy is 110.742
Electron Energy is -859.473
Total Energy=-748.731
----------------
SCF Cycle: 2
Starting Densities: 
0.0260161  0.112537 -0.112582         0         0
 0.112537  0.986997  0.013008         0         0
-0.112582  0.013008  0.986987         0         0
        0         0         0         1         0
        0         0         0         0         1

0.0260161  0.112537 -0.112582         0         0
 0.112537  0.986997  0.013008         0         0
-0.112582  0.013008  0.986987         0         0
        0         0         0         1         0
        0         0         0         0         1


Fock Matrices: 
 -3.51395  -12.5038   10.0593        -0        -0
 -12.5038  -34.3072 -0.327828        -0        -0
  10.0593 -0.327828   -13.115        -0        -0
       -0        -0        -0  -13.4429        -0
       -0        -0        -0        -0  -13.4429

 -3.51395  -12.5038   10.0593        -0        -0
 -12.5038  -34.3072 -0.327828        -0        -0
  10.0593 -0.327828   -13.115        -0        -0
       -0        -0        -0  -13.4429        -0
       -0        -0        -0        -0  -13.4429


End of SCF Cycle: 2
Change in density: 1.10611

Ca:
-0.360372 -0.386542         0         0  0.848951
-0.924032  0.272481         0         0 -0.268178
  0.12766  0.881101         0         0  0.455372
        0        -0         1         0         0
        0        -0         0         1         0

Cb:
-0.360372 -0.386542         0         0  0.848951
-0.924032  0.272481         0         0 -0.268178
  0.12766  0.881101         0         0  0.455372
        0        -0         1         0         0
        0        -0         0         1         0


Ea:
-39.1384
-17.6294
-13.4429
-13.4429
 5.83165

Eb:
-39.1384
-17.6294
-13.4429
-13.4429
 5.83165


Ending Densities:
 0.279283   0.22767 -0.386588         0         0
  0.22767   0.92808  0.122121         0         0
-0.386588  0.122121  0.792637         0         0
        0         0         0         1         0
        0         0         0         0         1

 0.279283   0.22767 -0.386588         0         0
  0.22767   0.92808  0.122121         0         0
-0.386588  0.122121  0.792637         0         0
        0         0         0         1         0
        0         0         0         0         1

----------------
Nuclear Repulsion Energy is 110.742
Electron Energy is -872.334
Total Energy=-761.591
----------------
SCF Cycle: 3
Starting Densities: 
 0.279283   0.22767 -0.386588         0         0
  0.22767   0.92808  0.122121         0         0
-0.386588  0.122121  0.792637         0         0
        0         0         0         1         0
        0         0         0         0         1

 0.279283   0.22767 -0.386588         0         0
  0.22767   0.92808  0.122121         0         0
-0.386588  0.122121  0.792637         0         0
        0         0         0         1         0
        0         0         0         0         1


Fock Matrices: 
-5.47072 -14.1619  14.0055       -0       -0
-14.1619  -38.293 -3.07768       -0       -0
 14.0055 -3.07768 -13.6875       -0       -0
      -0       -0       -0 -18.9135       -0
      -0       -0       -0       -0 -18.9135

-5.47072 -14.1619  14.0055       -0       -0
-14.1619  -38.293 -3.07768       -0       -0
 14.0055 -3.07768 -13.6875       -0       -0
      -0       -0       -0 -18.9135       -0
      -0       -0       -0       -0 -18.9135


End of SCF Cycle: 3
Change in density: 0.267314

Ca:
  0.371291   -0.47361          0          0   0.798647
  0.925205   0.261287          0          0  -0.275181
-0.0783477   0.841084          0          0     0.5352
         0          0          1          0          0
         0          0          0          1          0

Cb:
  0.371291   -0.47361          0          0   0.798647
  0.925205   0.261287          0          0  -0.275181
-0.0783477   0.841084          0          0     0.5352
         0          0          1          0          0
         0          0          0          1          0


Ea:
-43.7156
-22.5301
-18.9135
-18.9135
 8.79446

Eb:
-43.7156
-22.5301
-18.9135
-18.9135
 8.79446


Ending Densities:
 0.362164  0.219772 -0.427436         0         0
 0.219772  0.924276  0.147277         0         0
-0.427436  0.147277  0.713561         0         0
        0         0         0         1         0
        0         0         0         0         1

 0.362164  0.219772 -0.427436         0         0
 0.219772  0.924276  0.147277         0         0
-0.427436  0.147277  0.713561         0         0
        0         0         0         1         0
        0         0         0         0         1

----------------
Nuclear Repulsion Energy is 110.742
Electron Energy is -873.079
Total Energy=-762.337
----------------
SCF Cycle: 4
Starting Densities: 
 0.362164  0.219772 -0.427436         0         0
 0.219772  0.924276  0.147277         0         0
-0.427436  0.147277  0.713561         0         0
        0         0         0         1         0
        0         0         0         0         1

 0.362164  0.219772 -0.427436         0         0
 0.219772  0.924276  0.147277         0         0
-0.427436  0.147277  0.713561         0         0
        0         0         0         1         0
        0         0         0         0         1


Fock Matrices: 
-6.11106 -14.0482  14.5938       -0       -0
-14.0482 -39.9873 -3.71166       -0       -0
 14.5938 -3.71166 -13.4849       -0       -0
      -0       -0       -0 -20.7037       -0
      -0       -0       -0       -0 -20.7037

-6.11106 -14.0482  14.5938       -0       -0
-14.0482 -39.9873 -3.71166       -0       -0
 14.5938 -3.71166 -13.4849       -0       -0
      -0       -0       -0 -20.7037       -0
      -0       -0       -0       -0 -20.7037


End of SCF Cycle: 4
Change in density: 0.0696372

Ca:
  0.356313  -0.503593          0          0   0.787042
  0.932752   0.241209          0          0   -0.26794
-0.0549092   0.829585          0          0   0.555674
         0          0          1          0          0
         0          0          0          1          0

Cb:
  0.356313  -0.503593          0          0   0.787042
  0.932752   0.241209          0          0   -0.26794
-0.0549092   0.829585          0          0   0.555674
         0          0          1          0          0
         0          0          0          1          0


Ea:
-45.1352
-23.4231
-20.7037
-20.7037
 8.97511

Eb:
-45.1352
-23.4231
-20.7037
-20.7037
 8.97511


Ending Densities:
 0.380565   0.21088 -0.437338         0         0
  0.21088  0.928208  0.148887         0         0
-0.437338  0.148887  0.691227         0         0
        0         0         0         1         0
        0         0         0         0         1

 0.380565   0.21088 -0.437338         0         0
  0.21088  0.928208  0.148887         0         0
-0.437338  0.148887  0.691227         0         0
        0         0         0         1         0
        0         0         0         0         1

----------------
Nuclear Repulsion Energy is 110.742
Electron Energy is -873.132
Total Energy=-762.39
----------------
SCF Cycle: 5
Starting Densities: 
 0.380565   0.21088 -0.437338         0         0
  0.21088  0.928208  0.148887         0         0
-0.437338  0.148887  0.691227         0         0
        0         0         0         1         0
        0         0         0         0         1

 0.380565   0.21088 -0.437338         0         0
  0.21088  0.928208  0.148887         0         0
-0.437338  0.148887  0.691227         0         0
        0         0         0         1         0
        0         0         0         0         1


Fock Matrices: 
-6.25323 -13.9201  14.7364       -0       -0
-13.9201 -40.4839 -3.75224       -0       -0
 14.7364 -3.75224 -13.3195       -0       -0
      -0       -0       -0 -21.1012       -0
      -0       -0       -0       -0 -21.1012

-6.25323 -13.9201  14.7364       -0       -0
-13.9201 -40.4839 -3.75224       -0       -0
 14.7364 -3.75224 -13.3195       -0       -0
      -0       -0       -0 -21.1012       -0
      -0       -0       -0       -0 -21.1012


End of SCF Cycle: 5
Change in density: 0.0243106

Ca:
  0.351006  -0.512003          0          0   0.783995
  0.934944   0.237879          0          0  -0.263237
-0.0517179   0.825389          0          0   0.562191
         0          0          1          0          0
         0          0          0          1          0

Cb:
  0.351006  -0.512003          0          0   0.783995
  0.934944   0.237879          0          0  -0.263237
-0.0517179   0.825389          0          0   0.562191
         0          0          1          0          0
         0          0          0          1          0


Ea:
-45.5023
-23.5421
-21.1012
-21.1012
 8.98788

Eb:
-45.5023
-23.5421
-21.1012
-21.1012
 8.98788


Ending Densities:
 0.385352  0.206376 -0.440755         0         0
 0.206376  0.930707  0.147989         0         0
-0.440755  0.147989  0.683942         0         0
        0         0         0         1         0
        0         0         0         0         1

 0.385352  0.206376 -0.440755         0         0
 0.206376  0.930707  0.147989         0         0
-0.440755  0.147989  0.683942         0         0
        0         0         0         1         0
        0         0         0         0         1

----------------
Nuclear Repulsion Energy is 110.742
Electron Energy is -873.14
Total Energy=-762.397
----------------
SCF Cycle: 6
Starting Densities: 
 0.385352  0.206376 -0.440755         0         0
 0.206376  0.930707  0.147989         0         0
-0.440755  0.147989  0.683942         0         0
        0         0         0         1         0
        0         0         0         0         1

 0.385352  0.206376 -0.440755         0         0
 0.206376  0.930707  0.147989         0         0
-0.440755  0.147989  0.683942         0         0
        0         0         0         1         0
        0         0         0         0         1


Fock Matrices: 
-6.29022 -13.8553  14.7856       -0       -0
-13.8553 -40.6502 -3.72961       -0       -0
 14.7856 -3.72961 -13.2393       -0       -0
      -0       -0       -0 -21.2046       -0
      -0       -0       -0       -0 -21.2046

-6.29022 -13.8553  14.7856       -0       -0
-13.8553 -40.6502 -3.72961       -0       -0
 14.7856 -3.72961 -13.2393       -0       -0
      -0       -0       -0 -21.2046       -0
      -0       -0       -0       -0 -21.2046


End of SCF Cycle: 6
Change in density: 0.00978591

Ca:
   0.34909  -0.514813          0          0   0.783009
  0.935665   0.237536          0          0  -0.260973
-0.0516407   0.823738          0          0   0.564615
         0          0          1          0          0
         0          0          0          1          0

Cb:
   0.34909  -0.514813          0          0   0.783009
  0.935665   0.237536          0          0  -0.260973
-0.0516407   0.823738          0          0   0.564615
         0          0          1          0          0
         0          0          0          1          0


Ea:
-45.6137
-23.5554
-21.2046
-21.2046
 8.98932

Eb:
-45.6137
-23.5554
-21.2046
-21.2046
 8.98932


Ending Densities:
 0.386897  0.204344 -0.442098         0         0
 0.204344  0.931893  0.147349         0         0
-0.442098  0.147349   0.68121         0         0
        0         0         0         1         0
        0         0         0         0         1

 0.386897  0.204344 -0.442098         0         0
 0.204344  0.931893  0.147349         0         0
-0.442098  0.147349   0.68121         0         0
        0         0         0         1         0
        0         0         0         0         1

----------------
Nuclear Repulsion Energy is 110.742
Electron Energy is -873.141
Total Energy=-762.399
----------------
SCF Cycle: 7
Starting Densities: 
 0.386897  0.204344 -0.442098         0         0
 0.204344  0.931893  0.147349         0         0
-0.442098  0.147349   0.68121         0         0
        0         0         0         1         0
        0         0         0         0         1

 0.386897  0.204344 -0.442098         0         0
 0.204344  0.931893  0.147349         0         0
-0.442098  0.147349   0.68121         0         0
        0         0         0         1         0
        0         0         0         0         1


Fock Matrices: 
-6.30215  -13.826   14.805       -0       -0
 -13.826 -40.7135 -3.71348       -0       -0
  14.805 -3.71348 -13.2038       -0       -0
      -0       -0       -0 -21.2379       -0
      -0       -0       -0       -0 -21.2379

-6.30215  -13.826   14.805       -0       -0
 -13.826 -40.7135 -3.71348       -0       -0
  14.805 -3.71348 -13.2038       -0       -0
      -0       -0       -0 -21.2379       -0
      -0       -0       -0       -0 -21.2379


End of SCF Cycle: 7
Change in density: 0.00410273

Ca:
  0.348333  -0.515887          0          0    0.78264
  0.935937   0.237569          0          0  -0.259966
-0.0518177   0.823056          0          0   0.565591
         0          0          1          0          0
         0          0          0          1          0

Cb:
  0.348333  -0.515887          0          0    0.78264
  0.935937   0.237569          0          0  -0.259966
-0.0518177   0.823056          0          0   0.565591
         0          0          1          0          0
         0          0          0          1          0


Ea:
-45.6536
-23.5554
-21.2379
-21.2379
 8.98948

Eb:
-45.6536
-23.5554
-21.2379
-21.2379
 8.98948


Ending Densities:
 0.387475   0.20346 -0.442654         0         0
  0.20346  0.932418  0.147034         0         0
-0.442654  0.147034  0.680107         0         0
        0         0         0         1         0
        0         0         0         0         1

 0.387475   0.20346 -0.442654         0         0
  0.20346  0.932418  0.147034         0         0
-0.442654  0.147034  0.680107         0         0
        0         0         0         1         0
        0         0         0         0         1

----------------
Nuclear Repulsion Energy is 110.742
Electron Energy is -873.141
Total Energy=-762.399
----------------
SCF Cycle: 8
Starting Densities: 
 0.387475   0.20346 -0.442654         0         0
  0.20346  0.932418  0.147034         0         0
-0.442654  0.147034  0.680107         0         0
        0         0         0         1         0
        0         0         0         0         1

 0.387475   0.20346 -0.442654         0         0
  0.20346  0.932418  0.147034         0         0
-0.442654  0.147034  0.680107         0         0
        0         0         0         1         0
        0         0         0         0         1


Fock Matrices: 
-6.30662 -13.8133   14.813       -0       -0
-13.8133 -40.7392 -3.70555       -0       -0
  14.813 -3.70555 -13.1885       -0       -0
      -0       -0       -0 -21.2504       -0
      -0       -0       -0       -0 -21.2504

-6.30662 -13.8133   14.813       -0       -0
-13.8133 -40.7392 -3.70555       -0       -0
  14.813 -3.70555 -13.1885       -0       -0
      -0       -0       -0 -21.2504       -0
      -0       -0       -0       -0 -21.2504


End of SCF Cycle: 8
Change in density: 0.00173988

Ca:
  0.348021  -0.516324          0          0    0.78249
  0.936048   0.237612          0          0  -0.259529
-0.0519273    0.82277          0          0   0.565998
         0          0          1          0          0
         0          0          0          1          0

Cb:
  0.348021  -0.516324          0          0    0.78249
  0.936048   0.237612          0          0  -0.259529
-0.0519273    0.82277          0          0   0.565998
         0          0          1          0          0
         0          0          0          1          0


Ea:
-45.6694
-23.5544
-21.2504
-21.2504
 8.98948

Eb:
-45.6694
-23.5544
-21.2504
-21.2504
 8.98948


Ending Densities:
 0.387709  0.203079 -0.442888         0         0
 0.203079  0.932644  0.146893         0         0
-0.442888  0.146893  0.679646         0         0
        0         0         0         1         0
        0         0         0         0         1

 0.387709  0.203079 -0.442888         0         0
 0.203079  0.932644  0.146893         0         0
-0.442888  0.146893  0.679646         0         0
        0         0         0         1         0
        0         0         0         0         1

----------------
Nuclear Repulsion Energy is 110.742
Electron Energy is -873.141
Total Energy=-762.399
----------------
SCF Cycle: 9
Starting Densities: 
 0.387709  0.203079 -0.442888         0         0
 0.203079  0.932644  0.146893         0         0
-0.442888  0.146893  0.679646         0         0
        0         0         0         1         0
        0         0         0         0         1

 0.387709  0.203079 -0.442888         0         0
 0.203079  0.932644  0.146893         0         0
-0.442888  0.146893  0.679646         0         0
        0         0         0         1         0
        0         0         0         0         1


Fock Matrices: 
-6.30843 -13.8078  14.8163       -0       -0
-13.8078   -40.75 -3.70199       -0       -0
 14.8163 -3.70199  -13.182       -0       -0
      -0       -0       -0 -21.2555       -0
      -0       -0       -0       -0 -21.2555

-6.30843 -13.8078  14.8163       -0       -0
-13.8078   -40.75 -3.70199       -0       -0
 14.8163 -3.70199  -13.182       -0       -0
      -0       -0       -0 -21.2555       -0
      -0       -0       -0       -0 -21.2555


End of SCF Cycle: 9
Change in density: 0.000740543

Ca:
  0.347889  -0.516508          0          0   0.782428
  0.936094   0.237635          0          0  -0.259342
-0.0519797   0.822648          0          0    0.56617
         0          0          1          0          0
         0          0          0          1          0

Cb:
  0.347889  -0.516508          0          0   0.782428
  0.936094   0.237635          0          0  -0.259342
-0.0519797   0.822648          0          0    0.56617
         0          0          1          0          0
         0          0          0          1          0


Ea:
-45.6759
-23.5539
-21.2555
-21.2555
 8.98947

Eb:
-45.6759
-23.5539
-21.2555
-21.2555
 8.98947


Ending Densities:
 0.387807  0.202917 -0.442987         0         0
 0.202917  0.932742  0.146832         0         0
-0.442987  0.146832  0.679452         0         0
        0         0         0         1         0
        0         0         0         0         1

 0.387807  0.202917 -0.442987         0         0
 0.202917  0.932742  0.146832         0         0
-0.442987  0.146832  0.679452         0         0
        0         0         0         1         0
        0         0         0         0         1

----------------
Nuclear Repulsion Energy is 110.742
Electron Energy is -873.141
Total Energy=-762.399
----------------
SCF Cycle: 10
Starting Densities: 
 0.387807  0.202917 -0.442987         0         0
 0.202917  0.932742  0.146832         0         0
-0.442987  0.146832  0.679452         0         0
        0         0         0         1         0
        0         0         0         0         1

 0.387807  0.202917 -0.442987         0         0
 0.202917  0.932742  0.146832         0         0
-0.442987  0.146832  0.679452         0         0
        0         0         0         1         0
        0         0         0         0         1


Fock Matrices: 
-6.30918 -13.8054  14.8178       -0       -0
-13.8054 -40.7546 -3.70044       -0       -0
 14.8178 -3.70044 -13.1792       -0       -0
      -0       -0       -0 -21.2576       -0
      -0       -0       -0       -0 -21.2576

-6.30918 -13.8054  14.8178       -0       -0
-13.8054 -40.7546 -3.70044       -0       -0
 14.8178 -3.70044 -13.1792       -0       -0
      -0       -0       -0 -21.2576       -0
      -0       -0       -0       -0 -21.2576


End of SCF Cycle: 10
Change in density: 0.000315601

Ca:
 0.347833 -0.516585         0         0  0.782401
 0.936113  0.237645         0         0 -0.259262
-0.052003  0.822596         0         0  0.566243
        0         0         1         0         0
        0         0         0         1         0

Cb:
 0.347833 -0.516585         0         0  0.782401
 0.936113  0.237645         0         0 -0.259262
-0.052003  0.822596         0         0  0.566243
        0         0         1         0         0
        0         0         0         1         0


Ea:
-45.6787
-23.5537
-21.2576
-21.2576
 8.98946

Eb:
-45.6787
-23.5537
-21.2576
-21.2576
 8.98946


Ending Densities:
 0.387848  0.202847 -0.443029         0         0
 0.202847  0.932783  0.146805         0         0
-0.443029  0.146805  0.679369         0         0
        0         0         0         1         0
        0         0         0         0         1

 0.387848  0.202847 -0.443029         0         0
 0.202847  0.932783  0.146805         0         0
-0.443029  0.146805  0.679369         0         0
        0         0         0         1         0
        0         0         0         0         1

----------------
Nuclear Repulsion Energy is 110.742
Electron Energy is -873.141
Total Energy=-762.399
----------------
SCF Cycle: 11
Starting Densities: 
 0.387848  0.202847 -0.443029         0         0
 0.202847  0.932783  0.146805         0         0
-0.443029  0.146805  0.679369         0         0
        0         0         0         1         0
        0         0         0         0         1

 0.387848  0.202847 -0.443029         0         0
 0.202847  0.932783  0.146805         0         0
-0.443029  0.146805  0.679369         0         0
        0         0         0         1         0
        0         0         0         0         1


Fock Matrices: 
 -6.3095 -13.8044  14.8184       -0       -0
-13.8044 -40.7565 -3.69978       -0       -0
 14.8184 -3.69978  -13.178       -0       -0
      -0       -0       -0 -21.2585       -0
      -0       -0       -0       -0 -21.2585

 -6.3095 -13.8044  14.8184       -0       -0
-13.8044 -40.7565 -3.69978       -0       -0
 14.8184 -3.69978  -13.178       -0       -0
      -0       -0       -0 -21.2585       -0
      -0       -0       -0       -0 -21.2585


End of SCF Cycle: 11
Change in density: 0.000134566

Ca:
 0.347809 -0.516618         0         0   0.78239
 0.936121   0.23765         0         0 -0.259228
-0.052013  0.822574         0         0  0.566274
        0         0         1         0         0
        0         0         0         1         0

Cb:
 0.347809 -0.516618         0         0   0.78239
 0.936121   0.23765         0         0 -0.259228
-0.052013  0.822574         0         0  0.566274
        0         0         1         0         0
        0         0         0         1         0


Ea:
-45.6799
-23.5536
-21.2585
-21.2585
 8.98945

Eb:
-45.6799
-23.5536
-21.2585
-21.2585
 8.98945


Ending Densities:
 0.387866  0.202817 -0.443047         0         0
 0.202817  0.932801  0.146794         0         0
-0.443047  0.146794  0.679334         0         0
        0         0         0         1         0
        0         0         0         0         1

 0.387866  0.202817 -0.443047         0         0
 0.202817  0.932801  0.146794         0         0
-0.443047  0.146794  0.679334         0         0
        0         0         0         1         0
        0         0         0         0         1

----------------
Nuclear Repulsion Energy is 110.742
Electron Energy is -873.141
Total Energy=-762.399
----------------
SCF Cycle: 12
Starting Densities: 
 0.387866  0.202817 -0.443047         0         0
 0.202817  0.932801  0.146794         0         0
-0.443047  0.146794  0.679334         0         0
        0         0         0         1         0
        0         0         0         0         1

 0.387866  0.202817 -0.443047         0         0
 0.202817  0.932801  0.146794         0         0
-0.443047  0.146794  0.679334         0         0
        0         0         0         1         0
        0         0         0         0         1


Fock Matrices: 
-6.30964  -13.804  14.8186       -0       -0
 -13.804 -40.7573  -3.6995       -0       -0
 14.8186  -3.6995 -13.1775       -0       -0
      -0       -0       -0 -21.2589       -0
      -0       -0       -0       -0 -21.2589

-6.30964  -13.804  14.8186       -0       -0
 -13.804 -40.7573  -3.6995       -0       -0
 14.8186  -3.6995 -13.1775       -0       -0
      -0       -0       -0 -21.2589       -0
      -0       -0       -0       -0 -21.2589


End of SCF Cycle: 12
Change in density: 5.73862e-05

Ca:
  0.347799  -0.516632          0          0   0.782385
  0.936125   0.237652          0          0  -0.259213
-0.0520174   0.822565          0          0   0.566287
         0          0          1          0          0
         0          0          0          1          0

Cb:
  0.347799  -0.516632          0          0   0.782385
  0.936125   0.237652          0          0  -0.259213
-0.0520174   0.822565          0          0   0.566287
         0          0          1          0          0
         0          0          0          1          0


Ea:
-45.6804
-23.5535
-21.2589
-21.2589
 8.98945

Eb:
-45.6804
-23.5535
-21.2589
-21.2589
 8.98945


Ending Densities:
 0.387873  0.202805 -0.443055         0         0
 0.202805  0.932808  0.146789         0         0
-0.443055  0.146789  0.679319         0         0
        0         0         0         1         0
        0         0         0         0         1

 0.387873  0.202805 -0.443055         0         0
 0.202805  0.932808  0.146789         0         0
-0.443055  0.146789  0.679319         0         0
        0         0         0         1         0
        0         0         0         0         1

----------------
Nuclear Repulsion Energy is 110.742
Electron Energy is -873.141
Total Energy=-762.399
----------------
SCF Cycle: 13
Starting Densities: 
 0.387873  0.202805 -0.443055         0         0
 0.202805  0.932808  0.146789         0         0
-0.443055  0.146789  0.679319         0         0
        0         0         0         1         0
        0         0         0         0         1

 0.387873  0.202805 -0.443055         0         0
 0.202805  0.932808  0.146789         0         0
-0.443055  0.146789  0.679319         0         0
        0         0         0         1         0
        0         0         0         0         1


Fock Matrices: 
 -6.3097 -13.8038  14.8187       -0       -0
-13.8038 -40.7577 -3.69937       -0       -0
 14.8187 -3.69937 -13.1772       -0       -0
      -0       -0       -0  -21.259       -0
      -0       -0       -0       -0  -21.259

 -6.3097 -13.8038  14.8187       -0       -0
-13.8038 -40.7577 -3.69937       -0       -0
 14.8187 -3.69937 -13.1772       -0       -0
      -0       -0       -0  -21.259       -0
      -0       -0       -0       -0  -21.259


End of SCF Cycle: 13
Change in density: 2.44744e-05

Ca:
  0.347795  -0.516638          0          0   0.782383
  0.936127   0.237653          0          0  -0.259207
-0.0520192   0.822561          0          0   0.566293
         0          0          1          0          0
         0          0          0          1          0

Cb:
  0.347795  -0.516638          0          0   0.782383
  0.936127   0.237653          0          0  -0.259207
-0.0520192   0.822561          0          0   0.566293
         0          0          1          0          0
         0          0          0          1          0


Ea:
-45.6806
-23.5535
 -21.259
 -21.259
 8.98945

Eb:
-45.6806
-23.5535
 -21.259
 -21.259
 8.98945


Ending Densities:
 0.387876  0.202799 -0.443058         0         0
 0.202799  0.932812  0.146787         0         0
-0.443058  0.146787  0.679312         0         0
        0         0         0         1         0
        0         0         0         0         1

 0.387876  0.202799 -0.443058         0         0
 0.202799  0.932812  0.146787         0         0
-0.443058  0.146787  0.679312         0         0
        0         0         0         1         0
        0         0         0         0         1

----------------
Nuclear Repulsion Energy is 110.742
Electron Energy is -873.141
Total Energy=-762.399
----------------
SCF Cycle: 14
Starting Densities: 
 0.387876  0.202799 -0.443058         0         0
 0.202799  0.932812  0.146787         0         0
-0.443058  0.146787  0.679312         0         0
        0         0         0         1         0
        0         0         0         0         1

 0.387876  0.202799 -0.443058         0         0
 0.202799  0.932812  0.146787         0         0
-0.443058  0.146787  0.679312         0         0
        0         0         0         1         0
        0         0         0         0         1


Fock Matrices: 
-6.30972 -13.8037  14.8188       -0       -0
-13.8037 -40.7578 -3.69932       -0       -0
 14.8188 -3.69932 -13.1771       -0       -0
      -0       -0       -0 -21.2591       -0
      -0       -0       -0       -0 -21.2591

-6.30972 -13.8037  14.8188       -0       -0
-13.8037 -40.7578 -3.69932       -0       -0
 14.8188 -3.69932 -13.1771       -0       -0
      -0       -0       -0 -21.2591       -0
      -0       -0       -0       -0 -21.2591


End of SCF Cycle: 14
Change in density: 1.04383e-05

Ca:
 0.347793 -0.516641         0         0  0.782383
 0.936127  0.237653         0         0 -0.259205
 -0.05202  0.822559         0         0  0.566295
        0         0         1         0         0
        0         0         0         1         0

Cb:
 0.347793 -0.516641         0         0  0.782383
 0.936127  0.237653         0         0 -0.259205
 -0.05202  0.822559         0         0  0.566295
        0         0         1         0         0
        0         0         0         1         0


Ea:
-45.6807
-23.5535
-21.2591
-21.2591
 8.98945

Eb:
-45.6807
-23.5535
-21.2591
-21.2591
 8.98945


Ending Densities:
0.387878 0.202797 -0.44306        0        0
0.202797 0.932813 0.146786        0        0
-0.44306 0.146786 0.679309        0        0
       0        0        0        1        0
       0        0        0        0        1

0.387878 0.202797 -0.44306        0        0
0.202797 0.932813 0.146786        0        0
-0.44306 0.146786 0.679309        0        0
       0        0        0        1        0
       0        0        0        0        1

----------------
Nuclear Repulsion Energy is 110.742
Electron Energy is -873.141
Total Energy=-762.399
----------------
SCF Cycle: 15
Starting Densities: 
0.387878 0.202797 -0.44306        0        0
0.202797 0.932813 0.146786        0        0
-0.44306 0.146786 0.679309        0        0
       0        0        0        1        0
       0        0        0        0        1

0.387878 0.202797 -0.44306        0        0
0.202797 0.932813 0.146786        0        0
-0.44306 0.146786 0.679309        0        0
       0        0        0        1        0
       0        0        0        0        1


Fock Matrices: 
-6.30973 -13.8037  14.8188       -0       -0
-13.8037 -40.7579  -3.6993       -0       -0
 14.8188  -3.6993 -13.1771       -0       -0
      -0       -0       -0 -21.2591       -0
      -0       -0       -0       -0 -21.2591

-6.30973 -13.8037  14.8188       -0       -0
-13.8037 -40.7579  -3.6993       -0       -0
 14.8188  -3.6993 -13.1771       -0       -0
      -0       -0       -0 -21.2591       -0
      -0       -0       -0       -0 -21.2591


End of SCF Cycle: 15
Change in density: 4.45194e-06

Ca:
  0.347792  -0.516642          0          0   0.782382
  0.936127   0.237653          0          0  -0.259203
-0.0520204   0.822558          0          0   0.566296
         0          0          1          0          0
         0          0          0          1          0

Cb:
  0.347792  -0.516642          0          0   0.782382
  0.936127   0.237653          0          0  -0.259203
-0.0520204   0.822558          0          0   0.566296
         0          0          1          0          0
         0          0          0          1          0


Ea:
-45.6807
-23.5535
-21.2591
-21.2591
 8.98945

Eb:
-45.6807
-23.5535
-21.2591
-21.2591
 8.98945


Ending Densities:
0.387878 0.202796 -0.44306        0        0
0.202796 0.932814 0.146786        0        0
-0.44306 0.146786 0.679308        0        0
       0        0        0        1        0
       0        0        0        0        1

0.387878 0.202796 -0.44306        0        0
0.202796 0.932814 0.146786        0        0
-0.44306 0.146786 0.679308        0        0
       0        0        0        1        0
       0        0        0        0        1

----------------
Nuclear Repulsion Energy is 110.742
Electron Energy is -873.141
Total Energy=-762.399
----------------
SCF Cycle: 16
Starting Densities: 
0.387878 0.202796 -0.44306        0        0
0.202796 0.932814 0.146786        0        0
-0.44306 0.146786 0.679308        0        0
       0        0        0        1        0
       0        0        0        0        1

0.387878 0.202796 -0.44306        0        0
0.202796 0.932814 0.146786        0        0
-0.44306 0.146786 0.679308        0        0
       0        0        0        1        0
       0        0        0        0        1


Fock Matrices: 
-6.30973 -13.8037  14.8188       -0       -0
-13.8037 -40.7579 -3.69929       -0       -0
 14.8188 -3.69929 -13.1771       -0       -0
      -0       -0       -0 -21.2591       -0
      -0       -0       -0       -0 -21.2591

-6.30973 -13.8037  14.8188       -0       -0
-13.8037 -40.7579 -3.69929       -0       -0
 14.8188 -3.69929 -13.1771       -0       -0
      -0       -0       -0 -21.2591       -0
      -0       -0       -0       -0 -21.2591


End of SCF Cycle: 16
Change in density: 1.89877e-06

Ca:
  0.347792  -0.516642          0          0   0.782382
  0.936128   0.237653          0          0  -0.259203
-0.0520205   0.822558          0          0   0.566297
         0          0          1          0          0
         0          0          0          1          0

Cb:
  0.347792  -0.516642          0          0   0.782382
  0.936128   0.237653          0          0  -0.259203
-0.0520205   0.822558          0          0   0.566297
         0          0          1          0          0
         0          0          0          1          0


Ea:
-45.6807
-23.5535
-21.2591
-21.2591
 8.98945

Eb:
-45.6807
-23.5535
-21.2591
-21.2591
 8.98945


Ending Densities:
 0.387878  0.202796 -0.443061         0         0
 0.202796  0.932814  0.146786         0         0
-0.443061  0.146786  0.679308         0         0
        0         0         0         1         0
        0         0         0         0         1

 0.387878  0.202796 -0.443061         0         0
 0.202796  0.932814  0.146786         0         0
-0.443061  0.146786  0.679308         0         0
        0         0         0         1         0
        0         0         0         0         1

----------------
Nuclear Repulsion Energy is 110.742
Electron Energy is -873.141
Total Energy=-762.399
----------------
SCF Cycle: 17
Starting Densities: 
 0.387878  0.202796 -0.443061         0         0
 0.202796  0.932814  0.146786         0         0
-0.443061  0.146786  0.679308         0         0
        0         0         0         1         0
        0         0         0         0         1

 0.387878  0.202796 -0.443061         0         0
 0.202796  0.932814  0.146786         0         0
-0.443061  0.146786  0.679308         0         0
        0         0         0         1         0
        0         0         0         0         1


Fock Matrices: 
-6.30974 -13.8037  14.8188       -0       -0
-13.8037 -40.7579 -3.69929       -0       -0
 14.8188 -3.69929 -13.1771       -0       -0
      -0       -0       -0 -21.2591       -0
      -0       -0       -0       -0 -21.2591

-6.30974 -13.8037  14.8188       -0       -0
-13.8037 -40.7579 -3.69929       -0       -0
 14.8188 -3.69929 -13.1771       -0       -0
      -0       -0       -0 -21.2591       -0
      -0       -0       -0       -0 -21.2591


End of SCF Cycle: 17
Change in density: 8.09833e-07

Ca:
  0.347792  -0.516642          0          0   0.782382
  0.936128   0.237653          0          0  -0.259203
-0.0520206   0.822558          0          0   0.566297
         0          0          1          0          0
         0          0          0          1          0

Cb:
  0.347792  -0.516642          0          0   0.782382
  0.936128   0.237653          0          0  -0.259203
-0.0520206   0.822558          0          0   0.566297
         0          0          1          0          0
         0          0          0          1          0


Ea:
-45.6807
-23.5535
-21.2591
-21.2591
 8.98945

Eb:
-45.6807
-23.5535
-21.2591
-21.2591
 8.98945


Ending Densities:
 0.387878  0.202796 -0.443061         0         0
 0.202796  0.932814  0.146786         0         0
-0.443061  0.146786  0.679308         0         0
        0         0         0         1         0
        0         0         0         0         1

 0.387878  0.202796 -0.443061         0         0
 0.202796  0.932814  0.146786         0         0
-0.443061  0.146786  0.679308         0         0
        0         0         0         1         0
        0         0         0         0         1

----------------
Nuclear Repulsion Energy is 110.742
Electron Energy is -873.141
Total Energy=-762.399
