p=4, q=3

gamma:
21.0778 13.5855
13.5855  22.237

overlap:
           1     0.467489    -0.389533            0            0
    0.467489            1 -2.27543e-17            0            0
   -0.389533 -2.27543e-17            1            0            0
           0            0            0            1            0
           0            0            0            0            1

Hcore:
   -99.2282    -9.34978     7.79065          -0          -0
   -9.34978    -161.279 7.05384e-16          -0          -0
    7.79065 7.05384e-16        -145          -0          -0
         -0          -0          -0        -145          -0
         -0          -0          -0          -0        -145

----------------
SCF Cycle: 1
Starting Densities: 
0 0 0 0 0
0 0 0 0 0
0 0 0 0 0
0 0 0 0 0
0 0 0 0 0

0 0 0 0 0
0 0 0 0 0
0 0 0 0 0
0 0 0 0 0
0 0 0 0 0


Fock Matrices: 
   -99.2282    -9.34978     7.79065          -0          -0
   -9.34978    -161.279 7.05384e-16          -0          -0
    7.79065 7.05384e-16        -145          -0          -0
         -0          -0          -0        -145          -0
         -0          -0          -0          -0        -145

   -99.2282    -9.34978     7.79065          -0          -0
   -9.34978    -161.279 7.05384e-16          -0          -0
    7.79065 7.05384e-16        -145          -0          -0
         -0          -0          -0        -145          -0
         -0          -0          -0          -0        -145


End of SCF Cycle: 1
Change in density: 3.73205

Ca:
  0.153413   0.145641          0          0    0.97737
  0.985861 -0.0900164          0          0  -0.141332
-0.0673956  -0.985234          0          0   0.157391
         0          0          1          0          0
         0          0          0          1          0

Cb:
  0.153413   0.145641          0          0    0.97737
  0.985861 -0.0900164          0          0  -0.141332
-0.0673956  -0.985234          0          0   0.157391
         0          0          1          0          0
         0          0          0          1          0


Ea:
-162.734
-146.152
    -145
    -145
-96.6216

Eb:
-162.734
-146.152
    -145
    -145
-96.6216


Ending Densities:
0.0447469  0.138134  -0.15383         0         0
 0.138134  0.980025 0.0222445         0         0
 -0.15383 0.0222445  0.975228         0         0
        0         0         0         1         0
        0         0         0         0         1

0.0447469  0.138134  -0.15383         0         0
 0.138134  0.980025 0.0222445         0         0
 -0.15383 0.0222445  0.975228         0         0
        0         0         0         1         0
        0         0         0         0         0

----------------
Nuclear Repulsion Energy is 89.2164
Electron Energy is -590.408
Total Energy=-501.191
----------------
SCF Cycle: 2
Starting Densities: 
0.0447469  0.138134  -0.15383         0         0
 0.138134  0.980025 0.0222445         0         0
 -0.15383 0.0222445  0.975228         0         0
        0         0         0         1         0
        0         0         0         0         1

0.0447469  0.138134  -0.15383         0         0
 0.138134  0.980025 0.0222445         0         0
 -0.15383 0.0222445  0.975228         0         0
        0         0         0         1         0
        0         0         0         0         0


Fock Matrices: 
 -4.40201  -11.2264   9.88052        -0        -0
 -11.2264  -28.1871 -0.494652        -0        -0
  9.88052 -0.494652  -11.8014        -0        -0
       -0        -0        -0  -12.3523        -0
       -0        -0        -0        -0  -12.3523

 -4.40201  -11.2264   9.88052        -0        -0
 -11.2264  -28.1871 -0.494652        -0        -0
  9.88052 -0.494652  -11.8014        -0        -0
       -0        -0        -0  -12.3523        -0
       -0        -0        -0        -0    9.8847


End of SCF Cycle: 2
Change in density: 1.0797

Ca:
-0.407539 -0.388882         0         0  0.826246
-0.897696  0.336559         0         0 -0.284376
 0.167492  0.857612         0         0  0.486259
        0        -0         1         0         0
        0        -0         0         1         0

Cb:
-0.407539 -0.388882         0  0.826246         0
-0.897696  0.336559         0 -0.284376         0
 0.167492  0.857612         0  0.486259         0
        0        -0         1         0         0
        0        -0         0         0         1


Ea:
-33.1914
-16.4759
-12.3523
-12.3523
 5.27671

Eb:
-33.1914
-16.4759
-12.3523
 5.27671
  9.8847


Ending Densities:
0.317317 0.234964 -0.40177        0        0
0.234964  0.91913  0.13828        0        0
-0.40177  0.13828 0.763552        0        0
       0        0        0        1        0
       0        0        0        0        1

0.317317 0.234964 -0.40177        0        0
0.234964  0.91913  0.13828        0        0
-0.40177  0.13828 0.763552        0        0
       0        0        0        1        0
       0        0        0        0        0

----------------
Nuclear Repulsion Energy is 89.2164
Electron Energy is -601.525
Total Energy=-512.309
----------------
SCF Cycle: 3
Starting Densities: 
0.317317 0.234964 -0.40177        0        0
0.234964  0.91913  0.13828        0        0
-0.40177  0.13828 0.763552        0        0
       0        0        0        1        0
       0        0        0        0        1

0.317317 0.234964 -0.40177        0        0
0.234964  0.91913  0.13828        0        0
-0.40177  0.13828 0.763552        0        0
       0        0        0        1        0
       0        0        0        0        0


Fock Matrices: 
-6.06286 -12.5419  13.2489       -0       -0
-12.5419 -31.5493 -3.07494       -0       -0
 13.2489 -3.07494 -11.8107       -0       -0
      -0       -0       -0 -17.0686       -0
      -0       -0       -0       -0 -17.0686

-6.06286 -12.5419  13.2489       -0       -0
-12.5419 -31.5493 -3.07494       -0       -0
 13.2489 -3.07494 -11.8107       -0       -0
      -0       -0       -0 -17.0686       -0
      -0       -0       -0       -0  5.16844


End of SCF Cycle: 3
Change in density: 0.251252

Ca:
 0.413611 -0.475168         0         0  0.776622
 0.904083  0.315089         0         0  -0.28871
 -0.10752  0.821544         0         0  0.559915
        0         0         1         0         0
        0         0         0         1         0

Cb:
 0.413611 -0.475168         0         0  0.776622
 0.904083  0.315089         0         0  -0.28871
 -0.10752  0.821544         0         0  0.559915
        0         0         1         0         0
        0         0         0         1         0


Ea:
-36.9214
 -20.653
-17.0686
-17.0686
 8.15157

Eb:
-36.9214
 -20.653
-17.0686
 5.16844
 8.15157


Ending Densities:
 0.396858  0.224218 -0.434842         0         0
 0.224218  0.916647  0.161653         0         0
-0.434842  0.161653  0.686495         0         0
        0         0         0         1         0
        0         0         0         0         1

 0.396858  0.224218 -0.434842         0         0
 0.224218  0.916647  0.161653         0         0
-0.434842  0.161653  0.686495         0         0
        0         0         0         1         0
        0         0         0         0         0

----------------
Nuclear Repulsion Energy is 89.2164
Electron Energy is -602.132
Total Energy=-512.916
----------------
SCF Cycle: 4
Starting Densities: 
 0.396858  0.224218 -0.434842         0         0
 0.224218  0.916647  0.161653         0         0
-0.434842  0.161653  0.686495         0         0
        0         0         0         1         0
        0         0         0         0         1

 0.396858  0.224218 -0.434842         0         0
 0.224218  0.916647  0.161653         0         0
-0.434842  0.161653  0.686495         0         0
        0         0         0         1         0
        0         0         0         0         0


Fock Matrices: 
-6.54753 -12.3959  13.6982       -0       -0
-12.3959 -32.8703 -3.59468       -0       -0
 13.6982 -3.59468 -11.4734       -0       -0
      -0       -0       -0 -18.4449       -0
      -0       -0       -0       -0 -18.4449

-6.54753 -12.3959  13.6982       -0       -0
-12.3959 -32.8703 -3.59468       -0       -0
 13.6982 -3.59468 -11.4734       -0       -0
      -0       -0       -0 -18.4449       -0
      -0       -0       -0       -0  3.79215


End of SCF Cycle: 4
Change in density: 0.0674677

Ca:
  0.396613  -0.506933          0          0   0.765322
  0.914395   0.291831          0          0  -0.280564
-0.0811176   0.811082          0          0   0.579281
         0          0          1          0          0
         0          0          0          1          0

Cb:
  0.396613  -0.506933          0          0   0.765322
  0.914395   0.291831          0          0  -0.280564
-0.0811176   0.811082          0          0   0.579281
         0          0          1          0          0
         0          0          0          1          0


Ea:
-37.9281
-21.3283
-18.4449
-18.4449
 8.36511

Eb:
-37.9281
-21.3283
-18.4449
 3.79215
 8.36511


Ending Densities:
 0.414282  0.214722 -0.443336         0         0
 0.214722  0.921284  0.162525         0         0
-0.443336  0.162525  0.664434         0         0
        0         0         0         1         0
        0         0         0         0         1

 0.414282  0.214722 -0.443336         0         0
 0.214722  0.921284  0.162525         0         0
-0.443336  0.162525  0.664434         0         0
        0         0         0         1         0
        0         0         0         0         0

----------------
Nuclear Repulsion Energy is 89.2164
Electron Energy is -602.178
Total Energy=-512.962
----------------
SCF Cycle: 5
Starting Densities: 
 0.414282  0.214722 -0.443336         0         0
 0.214722  0.921284  0.162525         0         0
-0.443336  0.162525  0.664434         0         0
        0         0         0         1         0
        0         0         0         0         1

 0.414282  0.214722 -0.443336         0         0
 0.214722  0.921284  0.162525         0         0
-0.443336  0.162525  0.664434         0         0
        0         0         0         1         0
        0         0         0         0         0


Fock Matrices: 
 -6.6537 -12.2669  13.8136       -0       -0
-12.2669 -33.2749 -3.61408       -0       -0
 13.8136 -3.61408 -11.2844       -0       -0
      -0       -0       -0 -18.7463       -0
      -0       -0       -0       -0 -18.7463

 -6.6537 -12.2669  13.8136       -0       -0
-12.2669 -33.2749 -3.61408       -0       -0
 13.8136 -3.61408 -11.2844       -0       -0
      -0       -0       -0 -18.7463       -0
      -0       -0       -0       -0  3.49066


End of SCF Cycle: 5
Change in density: 0.0252332

Ca:
  0.390627  -0.516047          0          0   0.762304
  0.917296   0.287764          0          0  -0.275245
-0.0773247   0.806776          0          0   0.585776
         0          0          1          0          0
         0          0          0          1          0

Cb:
  0.390627  -0.516047          0          0   0.762304
  0.917296   0.287764          0          0  -0.275245
-0.0773247   0.806776          0          0   0.585776
         0          0          1          0          0
         0          0          0          1          0


Ea:
-38.1941
-21.4092
-18.7463
-18.7463
 8.39029

Eb:
-38.1941
-21.4092
-18.7463
 3.49066
 8.39029


Ending Densities:
 0.418893   0.20982 -0.446539         0         0
  0.20982   0.92424  0.161232         0         0
-0.446539  0.161232  0.656867         0         0
        0         0         0         1         0
        0         0         0         0         1

 0.418893   0.20982 -0.446539         0         0
  0.20982   0.92424  0.161232         0         0
-0.446539  0.161232  0.656867         0         0
        0         0         0         1         0
        0         0         0         0         0

----------------
Nuclear Repulsion Energy is 89.2164
Electron Energy is -602.186
Total Energy=-512.969
----------------
SCF Cycle: 6
Starting Densities: 
 0.418893   0.20982 -0.446539         0         0
  0.20982   0.92424  0.161232         0         0
-0.446539  0.161232  0.656867         0         0
        0         0         0         1         0
        0         0         0         0         1

 0.418893   0.20982 -0.446539         0         0
  0.20982   0.92424  0.161232         0         0
-0.446539  0.161232  0.656867         0         0
        0         0         0         1         0
        0         0         0         0         0


Fock Matrices: 
-6.68179 -12.2003  13.8571       -0       -0
-12.2003 -33.4204 -3.58531       -0       -0
 13.8571 -3.58531 -11.1959       -0       -0
      -0       -0       -0 -18.8261       -0
      -0       -0       -0       -0 -18.8261

-6.68179 -12.2003  13.8571       -0       -0
-12.2003 -33.4204 -3.58531       -0       -0
 13.8571 -3.58531 -11.1959       -0       -0
      -0       -0       -0 -18.8261       -0
      -0       -0       -0       -0  3.41088


End of SCF Cycle: 6
Change in density: 0.0108992

Ca:
   0.38839  -0.519224          0          0   0.761288
  0.918259   0.287248          0          0   -0.27256
-0.0771585   0.804919          0          0   0.588347
         0          0          1          0          0
         0          0          0          1          0

Cb:
   0.38839  -0.519224          0          0   0.761288
  0.918259   0.287248          0          0   -0.27256
-0.0771585   0.804919          0          0   0.588347
         0          0          1          0          0
         0          0          0          1          0


Ea:
-38.2795
-21.4141
-18.8261
-18.8261
 8.39545

Eb:
-38.2795
-21.4141
-18.8261
 3.41088
 8.39545


Ending Densities:
 0.420441  0.207497 -0.447901         0         0
 0.207497  0.925711   0.16036         0         0
-0.447901   0.16036  0.653848         0         0
        0         0         0         1         0
        0         0         0         0         1

 0.420441  0.207497 -0.447901         0         0
 0.207497  0.925711   0.16036         0         0
-0.447901   0.16036  0.653848         0         0
        0         0         0         1         0
        0         0         0         0         0

----------------
Nuclear Repulsion Energy is 89.2164
Electron Energy is -602.187
Total Energy=-512.971
----------------
SCF Cycle: 7
Starting Densities: 
 0.420441  0.207497 -0.447901         0         0
 0.207497  0.925711   0.16036         0         0
-0.447901   0.16036  0.653848         0         0
        0         0         0         1         0
        0         0         0         0         1

 0.420441  0.207497 -0.447901         0         0
 0.207497  0.925711   0.16036         0         0
-0.447901   0.16036  0.653848         0         0
        0         0         0         1         0
        0         0         0         0         0


Fock Matrices: 
-6.69122 -12.1687  13.8756       -0       -0
-12.1687 -33.4799 -3.56592       -0       -0
 13.8756 -3.56592 -11.1555       -0       -0
      -0       -0       -0 -18.8529       -0
      -0       -0       -0       -0 -18.8529

-6.69122 -12.1687  13.8756       -0       -0
-12.1687 -33.4799 -3.56592       -0       -0
 13.8756 -3.56592 -11.1555       -0       -0
      -0       -0       -0 -18.8529       -0
      -0       -0       -0       -0   3.3841


End of SCF Cycle: 7
Change in density: 0.00488545

Ca:
   0.38746  -0.520507          0          0   0.760885
  0.918636   0.287241          0          0  -0.271295
-0.0773465   0.804093          0          0   0.589451
         0          0          1          0          0
         0          0          0          1          0

Cb:
   0.38746  -0.520507          0          0   0.760885
  0.918636   0.287241          0          0  -0.271295
-0.0773465   0.804093          0          0   0.589451
         0          0          1          0          0
         0          0          0          1          0


Ea:
-38.3122
-21.4114
-18.8529
-18.8529
 8.39689

Eb:
-38.3122
-21.4114
-18.8529
  3.3841
 8.39689


Ending Densities:
 0.421053  0.206424 -0.448505         0         0
 0.206424  0.926399  0.159915         0         0
-0.448505  0.159915  0.652547         0         0
        0         0         0         1         0
        0         0         0         0         1

 0.421053  0.206424 -0.448505         0         0
 0.206424  0.926399  0.159915         0         0
-0.448505  0.159915  0.652547         0         0
        0         0         0         1         0
        0         0         0         0         0

----------------
Nuclear Repulsion Energy is 89.2164
Electron Energy is -602.188
Total Energy=-512.971
----------------
SCF Cycle: 8
Starting Densities: 
 0.421053  0.206424 -0.448505         0         0
 0.206424  0.926399  0.159915         0         0
-0.448505  0.159915  0.652547         0         0
        0         0         0         1         0
        0         0         0         0         1

 0.421053  0.206424 -0.448505         0         0
 0.206424  0.926399  0.159915         0         0
-0.448505  0.159915  0.652547         0         0
        0         0         0         1         0
        0         0         0         0         0


Fock Matrices: 
-6.69495 -12.1542  13.8838       -0       -0
-12.1542 -33.5058 -3.55603       -0       -0
 13.8838 -3.55603 -11.1372       -0       -0
      -0       -0       -0 -18.8635       -0
      -0       -0       -0       -0 -18.8635

-6.69495 -12.1542  13.8838       -0       -0
-12.1542 -33.5058 -3.55603       -0       -0
 13.8838 -3.55603 -11.1372       -0       -0
      -0       -0       -0 -18.8635       -0
      -0       -0       -0       -0  3.37351


End of SCF Cycle: 8
Change in density: 0.00221108

Ca:
  0.387052  -0.521063          0          0   0.760713
  0.918797   0.287276          0          0  -0.270711
-0.0774768    0.80372          0          0   0.589942
         0          0          1          0          0
         0          0          0          1          0

Cb:
  0.387052  -0.521063          0          0   0.760713
  0.918797   0.287276          0          0  -0.270711
-0.0774768    0.80372          0          0   0.589942
         0          0          1          0          0
         0          0          0          1          0


Ea:
 -38.326
-21.4093
-18.8635
-18.8635
 8.39738

Eb:
 -38.326
-21.4093
-18.8635
 3.37351
 8.39738


Ending Densities:
 0.421316  0.205934 -0.448776         0         0
 0.205934  0.926715  0.159704         0         0
-0.448776  0.159704  0.651968         0         0
        0         0         0         1         0
        0         0         0         0         1

 0.421316  0.205934 -0.448776         0         0
 0.205934  0.926715  0.159704         0         0
-0.448776  0.159704  0.651968         0         0
        0         0         0         1         0
        0         0         0         0         0

----------------
Nuclear Repulsion Energy is 89.2164
Electron Energy is -602.188
Total Energy=-512.971
----------------
SCF Cycle: 9
Starting Densities: 
 0.421316  0.205934 -0.448776         0         0
 0.205934  0.926715  0.159704         0         0
-0.448776  0.159704  0.651968         0         0
        0         0         0         1         0
        0         0         0         0         1

 0.421316  0.205934 -0.448776         0         0
 0.205934  0.926715  0.159704         0         0
-0.448776  0.159704  0.651968         0         0
        0         0         0         1         0
        0         0         0         0         0


Fock Matrices: 
-6.69656 -12.1475  13.8875       -0       -0
-12.1475 -33.5174 -3.55134       -0       -0
 13.8875 -3.55134 -11.1289       -0       -0
      -0       -0       -0  -18.868       -0
      -0       -0       -0       -0  -18.868

-6.69656 -12.1475  13.8875       -0       -0
-12.1475 -33.5174 -3.55134       -0       -0
 13.8875 -3.55134 -11.1289       -0       -0
      -0       -0       -0  -18.868       -0
      -0       -0       -0       -0  3.36896


End of SCF Cycle: 9
Change in density: 0.00100362

Ca:
  0.386869  -0.521311          0          0   0.760636
  0.918868   0.287299          0          0  -0.270445
-0.0775438   0.803551          0          0   0.590163
         0          0          1          0          0
         0          0          0          1          0

Cb:
  0.386869  -0.521311          0          0   0.760636
  0.918868   0.287299          0          0  -0.270445
-0.0775438   0.803551          0          0   0.590163
         0          0          1          0          0
         0          0          0          1          0


Ea:
-38.3322
-21.4083
 -18.868
 -18.868
 8.39758

Eb:
-38.3322
-21.4083
 -18.868
 3.36896
 8.39758


Ending Densities:
 0.421433   0.20571 -0.448899         0         0
  0.20571   0.92686  0.159607         0         0
-0.448899  0.159607  0.651707         0         0
        0         0         0         1         0
        0         0         0         0         1

 0.421433   0.20571 -0.448899         0         0
  0.20571   0.92686  0.159607         0         0
-0.448899  0.159607  0.651707         0         0
        0         0         0         1         0
        0         0         0         0         0

----------------
Nuclear Repulsion Energy is 89.2164
Electron Energy is -602.188
Total Energy=-512.971
----------------
SCF Cycle: 10
Starting Densities: 
 0.421433   0.20571 -0.448899         0         0
  0.20571   0.92686  0.159607         0         0
-0.448899  0.159607  0.651707         0         0
        0         0         0         1         0
        0         0         0         0         1

 0.421433   0.20571 -0.448899         0         0
  0.20571   0.92686  0.159607         0         0
-0.448899  0.159607  0.651707         0         0
        0         0         0         1         0
        0         0         0         0         0


Fock Matrices: 
-6.69727 -12.1445  13.8892       -0       -0
-12.1445 -33.5226 -3.54917       -0       -0
 13.8892 -3.54917 -11.1251       -0       -0
      -0       -0       -0 -18.8701       -0
      -0       -0       -0       -0 -18.8701

-6.69727 -12.1445  13.8892       -0       -0
-12.1445 -33.5226 -3.54917       -0       -0
 13.8892 -3.54917 -11.1251       -0       -0
      -0       -0       -0 -18.8701       -0
      -0       -0       -0       -0  3.36693


End of SCF Cycle: 10
Change in density: 0.000455994

Ca:
  0.386787  -0.521423          0          0   0.760601
    0.9189    0.28731          0          0  -0.270323
-0.0775757   0.803474          0          0   0.590264
         0          0          1          0          0
         0          0          0          1          0

Cb:
  0.386787  -0.521423          0          0   0.760601
    0.9189    0.28731          0          0  -0.270323
-0.0775757   0.803474          0          0   0.590264
         0          0          1          0          0
         0          0          0          1          0


Ea:
-38.3349
-21.4078
-18.8701
-18.8701
 8.39766

Eb:
-38.3349
-21.4078
-18.8701
 3.36693
 8.39766


Ending Densities:
 0.421486  0.205608 -0.448955         0         0
 0.205608  0.926925  0.159562         0         0
-0.448955  0.159562  0.651589         0         0
        0         0         0         1         0
        0         0         0         0         1

 0.421486  0.205608 -0.448955         0         0
 0.205608  0.926925  0.159562         0         0
-0.448955  0.159562  0.651589         0         0
        0         0         0         1         0
        0         0         0         0         0

----------------
Nuclear Repulsion Energy is 89.2164
Electron Energy is -602.188
Total Energy=-512.971
----------------
SCF Cycle: 11
Starting Densities: 
 0.421486  0.205608 -0.448955         0         0
 0.205608  0.926925  0.159562         0         0
-0.448955  0.159562  0.651589         0         0
        0         0         0         1         0
        0         0         0         0         1

 0.421486  0.205608 -0.448955         0         0
 0.205608  0.926925  0.159562         0         0
-0.448955  0.159562  0.651589         0         0
        0         0         0         1         0
        0         0         0         0         0


Fock Matrices: 
-6.69759 -12.1431    13.89       -0       -0
-12.1431  -33.525 -3.54818       -0       -0
   13.89 -3.54818 -11.1234       -0       -0
      -0       -0       -0  -18.871       -0
      -0       -0       -0       -0  -18.871

-6.69759 -12.1431    13.89       -0       -0
-12.1431  -33.525 -3.54818       -0       -0
   13.89 -3.54818 -11.1234       -0       -0
      -0       -0       -0  -18.871       -0
      -0       -0       -0       -0  3.36602


End of SCF Cycle: 11
Change in density: 0.000207254

Ca:
  0.386749  -0.521474          0          0   0.760585
  0.918915   0.287316          0          0  -0.270268
-0.0775904   0.803439          0          0   0.590309
         0          0          1          0          0
         0          0          0          1          0

Cb:
  0.386749  -0.521474          0          0   0.760585
  0.918915   0.287316          0          0  -0.270268
-0.0775904   0.803439          0          0   0.590309
         0          0          1          0          0
         0          0          0          1          0


Ea:
-38.3361
-21.4075
 -18.871
 -18.871
  8.3977

Eb:
-38.3361
-21.4075
 -18.871
 3.36602
  8.3977


Ending Densities:
  0.42151  0.205562 -0.448981         0         0
 0.205562  0.926955  0.159542         0         0
-0.448981  0.159542  0.651535         0         0
        0         0         0         1         0
        0         0         0         0         1

  0.42151  0.205562 -0.448981         0         0
 0.205562  0.926955  0.159542         0         0
-0.448981  0.159542  0.651535         0         0
        0         0         0         1         0
        0         0         0         0         0

----------------
Nuclear Repulsion Energy is 89.2164
Electron Energy is -602.188
Total Energy=-512.971
----------------
SCF Cycle: 12
Starting Densities: 
  0.42151  0.205562 -0.448981         0         0
 0.205562  0.926955  0.159542         0         0
-0.448981  0.159542  0.651535         0         0
        0         0         0         1         0
        0         0         0         0         1

  0.42151  0.205562 -0.448981         0         0
 0.205562  0.926955  0.159542         0         0
-0.448981  0.159542  0.651535         0         0
        0         0         0         1         0
        0         0         0         0         0


Fock Matrices: 
-6.69774 -12.1425  13.8903       -0       -0
-12.1425 -33.5261 -3.54773       -0       -0
 13.8903 -3.54773 -11.1226       -0       -0
      -0       -0       -0 -18.8714       -0
      -0       -0       -0       -0 -18.8714

-6.69774 -12.1425  13.8903       -0       -0
-12.1425 -33.5261 -3.54773       -0       -0
 13.8903 -3.54773 -11.1226       -0       -0
      -0       -0       -0 -18.8714       -0
      -0       -0       -0       -0  3.36561


End of SCF Cycle: 12
Change in density: 9.42113e-05

Ca:
  0.386732  -0.521497          0          0   0.760578
  0.918922   0.287318          0          0  -0.270243
-0.0775972   0.803424          0          0    0.59033
         0          0          1          0          0
         0          0          0          1          0

Cb:
  0.386732  -0.521497          0          0   0.760578
  0.918922   0.287318          0          0  -0.270243
-0.0775972   0.803424          0          0    0.59033
         0          0          1          0          0
         0          0          0          1          0


Ea:
-38.3367
-21.4074
-18.8714
-18.8714
 8.39772

Eb:
-38.3367
-21.4074
-18.8714
 3.36561
 8.39772


Ending Densities:
 0.421521  0.205541 -0.448992         0         0
 0.205541  0.926969  0.159533         0         0
-0.448992  0.159533  0.651511         0         0
        0         0         0         1         0
        0         0         0         0         1

 0.421521  0.205541 -0.448992         0         0
 0.205541  0.926969  0.159533         0         0
-0.448992  0.159533  0.651511         0         0
        0         0         0         1         0
        0         0         0         0         0

----------------
Nuclear Repulsion Energy is 89.2164
Electron Energy is -602.188
Total Energy=-512.971
----------------
SCF Cycle: 13
Starting Densities: 
 0.421521  0.205541 -0.448992         0         0
 0.205541  0.926969  0.159533         0         0
-0.448992  0.159533  0.651511         0         0
        0         0         0         1         0
        0         0         0         0         1

 0.421521  0.205541 -0.448992         0         0
 0.205541  0.926969  0.159533         0         0
-0.448992  0.159533  0.651511         0         0
        0         0         0         1         0
        0         0         0         0         0


Fock Matrices: 
 -6.6978 -12.1422  13.8905       -0       -0
-12.1422 -33.5266 -3.54753       -0       -0
 13.8905 -3.54753 -11.1222       -0       -0
      -0       -0       -0 -18.8716       -0
      -0       -0       -0       -0 -18.8716

 -6.6978 -12.1422  13.8905       -0       -0
-12.1422 -33.5266 -3.54753       -0       -0
 13.8905 -3.54753 -11.1222       -0       -0
      -0       -0       -0 -18.8716       -0
      -0       -0       -0       -0  3.36542


End of SCF Cycle: 13
Change in density: 4.28278e-05

Ca:
  0.386724  -0.521507          0          0   0.760575
  0.918925   0.287319          0          0  -0.270232
-0.0776003   0.803416          0          0   0.590339
         0          0          1          0          0
         0          0          0          1          0

Cb:
  0.386724  -0.521507          0          0   0.760575
  0.918925   0.287319          0          0  -0.270232
-0.0776003   0.803416          0          0   0.590339
         0          0          1          0          0
         0          0          0          1          0


Ea:
 -38.337
-21.4074
-18.8716
-18.8716
 8.39772

Eb:
 -38.337
-21.4074
-18.8716
 3.36542
 8.39772


Ending Densities:
 0.421526  0.205531 -0.448997         0         0
 0.205531  0.926975  0.159528         0         0
-0.448997  0.159528    0.6515         0         0
        0         0         0         1         0
        0         0         0         0         1

 0.421526  0.205531 -0.448997         0         0
 0.205531  0.926975  0.159528         0         0
-0.448997  0.159528    0.6515         0         0
        0         0         0         1         0
        0         0         0         0         0

----------------
Nuclear Repulsion Energy is 89.2164
Electron Energy is -602.188
Total Energy=-512.971
----------------
SCF Cycle: 14
Starting Densities: 
 0.421526  0.205531 -0.448997         0         0
 0.205531  0.926975  0.159528         0         0
-0.448997  0.159528    0.6515         0         0
        0         0         0         1         0
        0         0         0         0         1

 0.421526  0.205531 -0.448997         0         0
 0.205531  0.926975  0.159528         0         0
-0.448997  0.159528    0.6515         0         0
        0         0         0         1         0
        0         0         0         0         0


Fock Matrices: 
-6.69783  -12.142  13.8905       -0       -0
 -12.142 -33.5268 -3.54743       -0       -0
 13.8905 -3.54743 -11.1221       -0       -0
      -0       -0       -0 -18.8717       -0
      -0       -0       -0       -0 -18.8717

-6.69783  -12.142  13.8905       -0       -0
 -12.142 -33.5268 -3.54743       -0       -0
 13.8905 -3.54743 -11.1221       -0       -0
      -0       -0       -0 -18.8717       -0
      -0       -0       -0       -0  3.36534


End of SCF Cycle: 14
Change in density: 1.94696e-05

Ca:
  0.386721  -0.521512          0          0   0.760574
  0.918926    0.28732          0          0  -0.270226
-0.0776017   0.803413          0          0   0.590344
         0          0          1          0          0
         0          0          0          1          0

Cb:
  0.386721  -0.521512          0          0   0.760574
  0.918926    0.28732          0          0  -0.270226
-0.0776017   0.803413          0          0   0.590344
         0          0          1          0          0
         0          0          0          1          0


Ea:
-38.3371
-21.4073
-18.8717
-18.8717
 8.39773

Eb:
-38.3371
-21.4073
-18.8717
 3.36534
 8.39773


Ending Densities:
0.421528 0.205527   -0.449        0        0
0.205527 0.926978 0.159526        0        0
  -0.449 0.159526 0.651495        0        0
       0        0        0        1        0
       0        0        0        0        1

0.421528 0.205527   -0.449        0        0
0.205527 0.926978 0.159526        0        0
  -0.449 0.159526 0.651495        0        0
       0        0        0        1        0
       0        0        0        0        0

----------------
Nuclear Repulsion Energy is 89.2164
Electron Energy is -602.188
Total Energy=-512.971
----------------
SCF Cycle: 15
Starting Densities: 
0.421528 0.205527   -0.449        0        0
0.205527 0.926978 0.159526        0        0
  -0.449 0.159526 0.651495        0        0
       0        0        0        1        0
       0        0        0        0        1

0.421528 0.205527   -0.449        0        0
0.205527 0.926978 0.159526        0        0
  -0.449 0.159526 0.651495        0        0
       0        0        0        1        0
       0        0        0        0        0


Fock Matrices: 
-6.69785  -12.142  13.8906       -0       -0
 -12.142 -33.5269 -3.54739       -0       -0
 13.8906 -3.54739  -11.122       -0       -0
      -0       -0       -0 -18.8717       -0
      -0       -0       -0       -0 -18.8717

-6.69785  -12.142  13.8906       -0       -0
 -12.142 -33.5269 -3.54739       -0       -0
 13.8906 -3.54739  -11.122       -0       -0
      -0       -0       -0 -18.8717       -0
      -0       -0       -0       -0   3.3653


End of SCF Cycle: 15
Change in density: 8.85099e-06

Ca:
  0.386719  -0.521514          0          0   0.760573
  0.918927    0.28732          0          0  -0.270224
-0.0776023   0.803412          0          0   0.590345
         0          0          1          0          0
         0          0          0          1          0

Cb:
  0.386719  -0.521514          0          0   0.760573
  0.918927    0.28732          0          0  -0.270224
-0.0776023   0.803412          0          0   0.590345
         0          0          1          0          0
         0          0          0          1          0


Ea:
-38.3371
-21.4073
-18.8717
-18.8717
 8.39773

Eb:
-38.3371
-21.4073
-18.8717
  3.3653
 8.39773


Ending Densities:
 0.421529  0.205525 -0.449001         0         0
 0.205525  0.926979  0.159526         0         0
-0.449001  0.159526  0.651492         0         0
        0         0         0         1         0
        0         0         0         0         1

 0.421529  0.205525 -0.449001         0         0
 0.205525  0.926979  0.159526         0         0
-0.449001  0.159526  0.651492         0         0
        0         0         0         1         0
        0         0         0         0         0

----------------
Nuclear Repulsion Energy is 89.2164
Electron Energy is -602.188
Total Energy=-512.971
----------------
SCF Cycle: 16
Starting Densities: 
 0.421529  0.205525 -0.449001         0         0
 0.205525  0.926979  0.159526         0         0
-0.449001  0.159526  0.651492         0         0
        0         0         0         1         0
        0         0         0         0         1

 0.421529  0.205525 -0.449001         0         0
 0.205525  0.926979  0.159526         0         0
-0.449001  0.159526  0.651492         0         0
        0         0         0         1         0
        0         0         0         0         0


Fock Matrices: 
-6.69785  -12.142  13.8906       -0       -0
 -12.142  -33.527 -3.54737       -0       -0
 13.8906 -3.54737  -11.122       -0       -0
      -0       -0       -0 -18.8717       -0
      -0       -0       -0       -0 -18.8717

-6.69785  -12.142  13.8906       -0       -0
 -12.142  -33.527 -3.54737       -0       -0
 13.8906 -3.54737  -11.122       -0       -0
      -0       -0       -0 -18.8717       -0
      -0       -0       -0       -0  3.36528


End of SCF Cycle: 16
Change in density: 4.02373e-06

Ca:
  0.386719  -0.521515          0          0   0.760573
  0.918927    0.28732          0          0  -0.270223
-0.0776026   0.803411          0          0   0.590346
         0          0          1          0          0
         0          0          0          1          0

Cb:
  0.386719  -0.521515          0          0   0.760573
  0.918927    0.28732          0          0  -0.270223
-0.0776026   0.803411          0          0   0.590346
         0          0          1          0          0
         0          0          0          1          0


Ea:
-38.3372
-21.4073
-18.8717
-18.8717
 8.39773

Eb:
-38.3372
-21.4073
-18.8717
 3.36528
 8.39773


Ending Densities:
 0.421529  0.205524 -0.449001         0         0
 0.205524   0.92698  0.159525         0         0
-0.449001  0.159525  0.651491         0         0
        0         0         0         1         0
        0         0         0         0         1

 0.421529  0.205524 -0.449001         0         0
 0.205524   0.92698  0.159525         0         0
-0.449001  0.159525  0.651491         0         0
        0         0         0         1         0
        0         0         0         0         0

----------------
Nuclear Repulsion Energy is 89.2164
Electron Energy is -602.188
Total Energy=-512.971
----------------
SCF Cycle: 17
Starting Densities: 
 0.421529  0.205524 -0.449001         0         0
 0.205524   0.92698  0.159525         0         0
-0.449001  0.159525  0.651491         0         0
        0         0         0         1         0
        0         0         0         0         1

 0.421529  0.205524 -0.449001         0         0
 0.205524   0.92698  0.159525         0         0
-0.449001  0.159525  0.651491         0         0
        0         0         0         1         0
        0         0         0         0         0


Fock Matrices: 
-6.69785 -12.1419  13.8906       -0       -0
-12.1419  -33.527 -3.54736       -0       -0
 13.8906 -3.54736 -11.1219       -0       -0
      -0       -0       -0 -18.8717       -0
      -0       -0       -0       -0 -18.8717

-6.69785 -12.1419  13.8906       -0       -0
-12.1419  -33.527 -3.54736       -0       -0
 13.8906 -3.54736 -11.1219       -0       -0
      -0       -0       -0 -18.8717       -0
      -0       -0       -0       -0  3.36527


End of SCF Cycle: 17
Change in density: 1.82922e-06

Ca:
  0.386718  -0.521516          0          0   0.760572
  0.918927    0.28732          0          0  -0.270223
-0.0776027   0.803411          0          0   0.590347
         0          0          1          0          0
         0          0          0          1          0

Cb:
  0.386718  -0.521516          0          0   0.760572
  0.918927    0.28732          0          0  -0.270223
-0.0776027   0.803411          0          0   0.590347
         0          0          1          0          0
         0          0          0          1          0


Ea:
-38.3372
-21.4073
-18.8717
-18.8717
 8.39773

Eb:
-38.3372
-21.4073
-18.8717
 3.36527
 8.39773


Ending Densities:
 0.421529  0.205524 -0.449001         0         0
 0.205524   0.92698  0.159525         0         0
-0.449001  0.159525  0.651491         0         0
        0         0         0         1         0
        0         0         0         0         1

